Task,TrialID,TargetLocation,RoleA,B1_Val_A,B2_Val_A,B3_Val_A,RoleB,PredictiveGaze,AV_Display,Gaze_1,Gaze_2,Gaze_3,Gaze_4,HeadX,HeadY,HeadZ,HeadEulerX,HeadEulerY,HeadEulerZ,PoseX,PoseY,PoseZ,PoseEulerX,PoseEulerY,PoseEulerZ,PoseValid,LeftGazeOriginX,LeftGazeOriginY,LeftGazeOriginZ,LeftGazeDirectionX,LeftGazeDirectionY,LeftGazeDirectionZ,RightGazeOriginX,RightGazeOriginY,RightGazeOriginZ,RightGazeDirectionX,RightGazeDirectionY,RightGazeDirectionZ,CombinedGazeOriginX,CombinedGazeOriginY,CombinedGazeOriginZ,CombinedGazeDirectionX,CombinedGazeDirectionY,CombinedGazeDirectionZ,GazeValid,GazedObject,GazedPointX,GazedPointY,GazedPointZ,GazedObjG2OM,EyeTimeStamp,HandPosX,HandPosY,HandPosZ,HandEulerX,HandEulerY,HandEulerZ,HandContactObj,HandPointObj,PartnerHeadPosX,PartnerHeadPosY,PartnerHeadPosZ,PartnerHeadEulerX,PartnerHeadEulerY,PartnerHeadEulerZ,PartnerLeftEyeGazeVectorX,PartnerLeftEyeGazeVectorY,PartnerLeftEyeGazeZ,PartnerLeftEyeEulerX,PartnerLeftEyeEulerY,PartnerLeftEyeEulerZ,PartnerRightEyeGazeVectorX,PartnerRightEyeGazeVectorY,PartnerRightEyeGazeVectorZ,PartnerRightEyeEulerX,PartnerRightEyeEulerY,PartnerRightEyeEulerZ,PartnerGazedObject,PartnerGazedPointX,PartnerGazedPointY,PartnerGazedPointZ,PartnerHandPosX,PartnerHandPosY,PartnerHandPosZ,PartnerHandEulerX,PartnerHandEulerY,PartnerHandEulerZ,PartnerHandContactName,PartnerPointName,PartnerLocalTime,JointAttention,JointGaze,TargetName,TargetPosX,TargetPosY,TargetPosZ,ExpPhase,UnityTime,NetworkTime,NetworkRTT,HandToTargetDist,HandAngleToTarget,GazeAngleToTarget,GazeAngleToPartnerHand,GazeAngleToPartnerHead,MovePhase
joint,5045,1,Responder,4,3,5,Initiator,1,1,3,2,1,0,-0.0163,1.1962,0.8377,6.029,181.4188,356.0978,-0.0168,1.1947,0.8232,5.9664,181.5538,356.0347,1,-0.0319,0.0038,-0.0241,-0.02,0.0745,0.997,0.0308,0.0072,-0.0234,-0.0734,0.0735,0.9946,-0.016,1.2027,0.8462,0.0144,-0.0269,-0.9995,1,Player1Face,0.0052,1.1631,-0.6251,Player1Face,8816799986,0.002,0.8,0.2928,346.0029,51.2481,345.056,FingerCubeReady,TABLE_Folding,-0.0122,1.175,-0.6106,358.5356,2.0275,355.3188,0.0017,0.0001,0.9999,359.9909,0.121,0,-0.041,0.0001,0.9991,359.9907,357.6361,0,Player2Face,0.0095,1.2159,0.8484,0.0062,0.7948,-0.281,348.2065,224.1425,336.5195,FingerCubeReady,Carpet,2435.624,0,1,Cube1,-0.4,0.89,0,0,2396.987,2387.8020471,0.018703193233635,0.5054,98.6488,30.0477,18.3501,0.813,0
joint,5045,1,Responder,4,3,5,Initiator,1,1,3,2,1,0,-0.0163,1.1962,0.8377,6.0411,181.423,356.0776,-0.0168,1.1947,0.8232,5.9837,181.5677,356.0394,1,-0.0319,0.0038,-0.0241,-0.02,0.0749,0.997,0.0308,0.0072,-0.0234,-0.0739,0.0738,0.9945,-0.016,1.2027,0.8462,0.0143,-0.0268,-0.9995,1,Player1Face,0.0051,1.1633,-0.625,Player1Face,8816816649,0.002,0.7999,0.2928,346.0143,51.2432,345.0542,FingerCubeReady,TABLE_Folding,-0.0122,1.1751,-0.6106,358.5398,2.0318,355.3244,0.002,0,0.9999,359.9909,0.114,0,-0.0399,0,0.9991,359.9908,357.659,0,Player2Face,0.0107,1.2155,0.8487,0.0062,0.7948,-0.281,348.2051,224.1376,336.5081,FingerCubeReady,Carpet,2435.646,0,1,Cube1,-0.4,0.89,0,0,2397.01,2387.8251509,0.018703193233635,0.5054,98.6514,30.0491,18.3562,0.8067,0
joint,5045,1,Responder,4,3,5,Initiator,1,1,3,2,1,0,-0.0163,1.1962,0.8377,6.0463,181.4272,356.0802,-0.0168,1.1947,0.823,6.0035,181.5672,356.0501,1,-0.0319,0.0038,-0.0241,-0.0203,0.0751,0.997,0.0308,0.0072,-0.0234,-0.0734,0.073,0.9946,-0.016,1.2027,0.846,0.0143,-0.0275,-0.9995,1,Player1Face,0.0051,1.1622,-0.6252,Player1Face,8816833312,0.002,0.7999,0.2928,346.024,51.2653,345.0399,FingerCubeReady,TABLE_Folding,-0.0122,1.175,-0.6105,358.5406,2.0202,355.3527,0.0022,0.0002,0.9999,359.9917,0.1154,0,-0.039,0.0002,0.9992,359.9915,357.6841,0,Player2Face,0.0113,1.2156,0.8488,0.0062,0.7948,-0.281,348.2016,224.1307,336.5182,FingerCubeReady,Carpet,2435.657,0,1,Cube1,-0.4,0.89,0,0,2397.021,2387.8355364,0.018703193233635,0.5054,98.6365,30.0292,18.321,0.8278,0
joint,5045,1,Responder,4,3,5,Initiator,1,1,3,2,1,0,-0.0163,1.1962,0.8377,6.0471,181.4358,356.0963,-0.0168,1.1947,0.823,6.0023,181.5675,356.0596,1,-0.0319,0.0038,-0.0241,-0.0202,0.0746,0.997,0.0308,0.0072,-0.0234,-0.073,0.073,0.9946,-0.016,1.2027,0.846,0.0141,-0.0278,-0.9995,1,Player1Face,0.0048,1.1618,-0.6252,Player1Face,8816841643,0.002,0.7999,0.2928,346.0205,51.2676,345.0355,FingerCubeReady,TABLE_Folding,-0.0122,1.1751,-0.6105,358.5291,2.0068,355.3698,0.0026,-0.0011,0.9999,0.0182,0.1268,0,-0.0358,-0.0011,0.9993,0.0157,357.7602,0,Player2Face,0.0134,1.2139,0.8496,0.0062,0.7948,-0.281,348.1975,224.1369,336.5196,FingerCubeReady,Carpet,2435.679,0,1,Cube1,-0.4,0.89,0,0,2397.032,2387.8467405,0.018703193233635,0.5054,98.6378,30.0106,18.3065,0.8309,0
joint,5045,1,Responder,4,3,5,Initiator,1,1,3,2,1,0,-0.0163,1.1962,0.8377,6.0406,181.438,356.0991,-0.0168,1.1947,0.823,5.999,181.5664,356.0724,1,-0.0319,0.0038,-0.0241,-0.0206,0.0746,0.997,0.0308,0.0072,-0.0234,-0.0728,0.0725,0.9947,-0.016,1.2027,0.846,0.0143,-0.0279,-0.9995,1,Player1Face,0.005,1.1616,-0.6252,Player1Face,8816849975,0.002,0.7999,0.2928,346.0214,51.2745,345.0392,FingerCubeReady,TABLE_Folding,-0.0122,1.1751,-0.6105,358.5291,2.0068,355.3698,0.0026,-0.0011,0.9999,0.0182,0.1268,0,-0.0358,-0.0011,0.9993,0.0157,357.7602,0,Player2Face,0.0134,1.2139,0.8496,0.0062,0.7948,-0.281,348.2074,224.1385,336.5026,FingerCubeReady,Carpet,2435.679,0,1,Cube1,-0.4,0.89,0,0,2397.043,2387.8579396,0.018703193233635,0.5054,98.6313,30.0132,18.2969,0.8433,0
joint,5045,1,Responder,4,3,5,Initiator,1,1,3,2,1,0,-0.0163,1.1962,0.8377,6.0509,181.4376,356.0927,-0.0167,1.1947,0.8229,5.9932,181.5512,356.1019,1,-0.0319,0.0038,-0.0241,-0.0211,0.0748,0.997,0.0308,0.0072,-0.0234,-0.0728,0.0734,0.9946,-0.0159,1.2026,0.8459,0.0148,-0.0273,-0.9995,1,Player1Face,0.0059,1.1625,-0.6252,Player1Face,8816866638,0.002,0.7999,0.2928,346.0275,51.2695,345.0342,FingerCubeReady,TABLE_Folding,-0.0122,1.175,-0.6104,358.534,2.0041,355.3738,0.0026,-0.0012,0.9999,0.0354,0.1341,0,-0.0356,-0.0012,0.9993,0.0323,357.82,0,Player2Face,0.0135,1.2136,0.8497,0.0062,0.7948,-0.281,348.2074,224.1385,336.5026,FingerCubeReady,Carpet,2435.69,0,1,Cube1,-0.4,0.89,0,0,2397.054,2387.8686609,0.018703193233635,0.5054,98.6357,30.0641,18.3313,0.8488,0
joint,5045,1,Responder,4,3,5,Initiator,1,1,3,2,1,0,-0.0164,1.1962,0.8377,6.0547,181.4393,356.0588,-0.0167,1.1947,0.8228,5.992,181.5361,356.1078,1,-0.0319,0.0038,-0.0241,-0.0213,0.0749,0.9969,0.0308,0.0072,-0.0234,-0.0726,0.0734,0.9946,-0.0159,1.2026,0.8459,0.015,-0.0272,-0.9995,1,Player1Face,0.0062,1.1626,-0.6252,Player1Face,8816874969,0.002,0.7999,0.2928,346.0074,51.2677,345.0342,FingerCubeReady,TABLE_Folding,-0.0121,1.1751,-0.6103,358.5209,1.9954,355.3903,0.0031,-0.0017,0.9999,0.0534,0.1449,0,-0.0358,-0.0017,0.9993,0.05,357.8688,0,Player2Face,0.0135,1.2131,0.8497,0.0062,0.7948,-0.281,348.2067,224.1505,336.4846,FingerCubeReady,Carpet,2435.702,0,1,Cube1,-0.4,0.89,0,0,2397.065,2387.8801189,0.018703193233635,0.5054,98.6417,30.0777,18.3346,0.8559,0
joint,5045,1,Responder,4,3,5,Initiator,1,1,3,2,1,0,-0.0164,1.1962,0.8377,6.0699,181.432,356.0385,-0.0167,1.1947,0.8228,5.992,181.5179,356.109,1,-0.0319,0.0038,-0.0241,-0.0214,0.0746,0.997,0.0308,0.0072,-0.0234,-0.0729,0.0737,0.9946,-0.0159,1.2026,0.8458,0.0155,-0.0272,-0.9995,1,Player1Face,0.007,1.1626,-0.6252,Player1Face,8816883301,0.002,0.7999,0.2927,346.0009,51.2726,345.0364,FingerCubeReady,TABLE_Folding,-0.0122,1.175,-0.6103,358.5187,1.9824,355.3903,0.0032,-0.0016,0.9999,0.0693,0.1578,0,-0.0358,-0.0016,0.9993,0.066,357.9017,0,Player2Face,0.0132,1.2132,0.8497,0.0062,0.7948,-0.281,348.21,224.1607,336.4727,FingerCubeReady,Carpet,2435.713,0,1,Cube1,-0.4,0.89,0,0,2397.077,2387.8911582,0.018703193233635,0.5054,98.6396,30.1038,18.3358,0.8807,0
joint,5045,1,Responder,4,3,5,Initiator,1,1,3,2,1,0,-0.0164,1.1962,0.8377,6.0733,181.4312,356.0389,-0.0167,1.1947,0.8228,5.9976,181.4872,356.1061,1,-0.0319,0.0038,-0.0241,-0.0212,0.0753,0.9969,0.0308,0.0072,-0.0234,-0.0725,0.0741,0.9946,-0.0159,1.2026,0.8458,0.0158,-0.0268,-0.9995,1,Player1Face,0.0073,1.1632,-0.6252,Player1Face,8816899964,0.002,0.7999,0.2927,346.0038,51.2822,345.0241,FingerCubeReady,TABLE_Folding,-0.0122,1.1751,-0.6103,358.5157,1.9828,355.3967,0.0025,-0.0019,0.9999,0.0814,0.161,0,-0.0356,-0.0019,0.9993,0.0784,357.9225,0,Player2Face,0.0128,1.213,0.8496,0.0062,0.7949,-0.281,348.2109,224.1666,336.4581,FingerCubeReady,Carpet,2435.724,0,1,Cube1,-0.4,0.89,0,0,2397.088,2387.9024059,0.018703193233635,0.5054,98.6366,30.131,18.3581,0.8823,0
joint,5045,1,Responder,4,3,5,Initiator,1,1,3,2,1,0,-0.0164,1.1961,0.8377,6.0783,181.4231,356.0342,-0.0166,1.1947,0.8228,6.0003,181.471,356.1018,1,-0.0319,0.0038,-0.0241,-0.021,0.0755,0.9969,0.0308,0.0072,-0.0234,-0.0729,0.0738,0.9946,-0.0159,1.2026,0.8458,0.0162,-0.0269,-0.9995,1,Player1Face,0.0079,1.1631,-0.6253,Player1Face,8816908295,0.002,0.7999,0.2927,345.9807,51.2791,345.0263,FingerCubeReady,TABLE_Folding,-0.0123,1.175,-0.6104,358.5052,1.9839,355.3873,0.0028,-0.0025,0.9999,0.0978,0.16,0,-0.0356,-0.0025,0.9993,0.0946,357.9372,0,Player2Face,0.0129,1.2123,0.8498,0.0062,0.7948,-0.281,348.2022,224.1651,336.4686,FingerCubeReady,Carpet,2435.736,0,1,Cube1,-0.4,0.89,0,0,2397.099,2387.9132935,0.018703193233635,0.5054,98.6437,30.1459,18.3542,0.9055,0
joint,5045,1,Responder,4,3,5,Initiator,1,1,3,2,1,0,-0.0164,1.1961,0.8376,6.0877,181.4151,356.0275,-0.0166,1.1946,0.8228,6.0013,181.4528,356.0984,1,-0.0319,0.0038,-0.0241,-0.0211,0.0754,0.9969,0.0308,0.0072,-0.0234,-0.073,0.0743,0.9946,-0.0159,1.2026,0.8458,0.0165,-0.0267,-0.9995,1,Player1Face,0.0084,1.1634,-0.6254,Player1Face,8816916627,0.002,0.7999,0.2928,345.9626,51.2662,345.0234,FingerCubeReady,TABLE_Folding,-0.0123,1.1751,-0.6104,358.4999,1.9711,355.3736,0.0036,-0.0026,0.9999,0.1147,0.1675,0,-0.0354,-0.0026,0.9993,0.1114,357.9481,0,Player2Face,0.0132,1.2123,0.8499,0.0062,0.7948,-0.281,348.1927,224.159,336.466,FingerCubeReady,Carpet,2435.747,0,1,Cube1,-0.4,0.89,0,0,2397.11,2387.924698,0.018703193233635,0.5054,98.6588,30.1683,18.3648,0.919,0
joint,5045,1,Responder,4,3,5,Initiator,1,1,3,2,1,0,-0.0164,1.1961,0.8376,6.1032,181.4149,356.0368,-0.0166,1.1947,0.8228,6.0135,181.429,356.0968,1,-0.0319,0.0038,-0.0241,-0.0208,0.0759,0.9969,0.0308,0.0072,-0.0234,-0.0732,0.0742,0.9946,-0.0159,1.2026,0.8458,0.0169,-0.0267,-0.9995,1,Player1Face,0.0089,1.1633,-0.6255,Player1Face,8816933290,0.002,0.7999,0.2927,345.9646,51.2646,345.0337,FingerCubeReady,TABLE_Folding,-0.0123,1.175,-0.6103,358.4899,1.9696,355.3757,0.0031,-0.0031,0.9999,0.1324,0.175,0,-0.0353,-0.0031,0.9993,0.129,357.9579,0,Player2Face,0.0129,1.2119,0.8499,0.0062,0.7948,-0.281,348.1888,224.1699,336.4632,FingerCubeReady,Carpet,2435.758,0,1,Cube1,-0.4,0.89,0,0,2397.121,2387.9360535,0.018703193233635,0.5054,98.6567,30.1838,18.3624,0.9359,0
joint,5045,1,Responder,4,3,5,Initiator,1,1,3,2,1,0,-0.0164,1.1961,0.8376,6.1257,181.4083,356.0426,-0.0166,1.1947,0.8228,6.0233,181.4227,356.0972,1,-0.0319,0.0038,-0.0241,-0.0205,0.0759,0.9969,0.0308,0.0072,-0.0234,-0.0734,0.0742,0.9945,-0.0159,1.2026,0.8458,0.017,-0.0268,-0.9995,1,Player1Face,0.0091,1.1631,-0.6255,Player1Face,8816941622,0.002,0.7999,0.2928,345.9651,51.2607,345.0186,FingerCubeReady,TABLE_Folding,-0.0123,1.175,-0.6103,358.4881,1.9662,355.3563,0.0043,-0.0034,0.9999,0.1505,0.1881,0,-0.0357,-0.0034,0.9993,0.1469,357.9617,0,Player2Face,0.0132,1.2114,0.85,0.0062,0.7948,-0.281,348.1704,224.1669,336.4599,FingerCubeReady,Carpet,2435.769,0,1,Cube1,-0.4,0.89,0,0,2397.133,2387.9470604,0.018703193233635,0.5054,98.6641,30.1838,18.3547,0.9448,0
joint,5045,1,Responder,4,3,5,Initiator,1,1,3,2,1,0,-0.0164,1.1961,0.8376,6.1345,181.406,356.0537,-0.0166,1.1946,0.8228,6.0314,181.4197,356.0945,1,-0.0319,0.0038,-0.0241,-0.0205,0.0763,0.9969,0.0308,0.0072,-0.0234,-0.073,0.0751,0.9945,-0.0159,1.2026,0.8458,0.0167,-0.0263,-0.9995,1,Player1Face,0.0088,1.1639,-0.6253,Player1Face,8816949953,0.0019,0.7999,0.2928,345.9569,51.2495,345.0195,FingerCubeReady,TABLE_Folding,-0.0122,1.175,-0.6104,358.4941,1.9732,355.3554,0.0044,-0.004,0.9999,0.1733,0.208,0,-0.0355,-0.004,0.9993,0.1693,357.9623,0,Player2Face,0.0136,1.2103,0.8503,0.0062,0.7948,-0.281,348.1602,224.1547,336.4706,FingerCubeReady,Carpet,2435.78,0,1,Cube1,-0.4,0.89,0,0,2397.144,2387.9583677,0.018703193233635,0.5054,98.6739,30.1907,18.3857,0.9175,0
joint,5045,1,Responder,4,3,5,Initiator,1,1,3,2,1,0,-0.0164,1.1961,0.8376,6.1489,181.3931,356.0436,-0.0166,1.1946,0.8228,6.0402,181.4227,356.0799,1,-0.0319,0.0038,-0.0241,-0.0211,0.0765,0.9968,0.0308,0.0072,-0.0234,-0.0728,0.0755,0.9945,-0.0159,1.2026,0.8458,0.0168,-0.0262,-0.9995,1,Player1Face,0.0089,1.1641,-0.6254,Player1Face,8816966616,0.0019,0.7999,0.2928,345.9406,51.2577,345.0165,FingerCubeReady,TABLE_Folding,-0.0122,1.175,-0.6105,358.4996,1.9795,355.3504,0.0039,-0.004,0.9999,0.1953,0.2206,0,-0.0373,-0.004,0.9993,0.1914,357.9456,0,Player2Face,0.0121,1.2103,0.85,0.0062,0.7948,-0.281,348.1504,224.1458,336.4733,FingerCubeReady,Carpet,2435.792,0,1,Cube1,-0.4,0.89,0,0,2397.155,2387.9698413,0.018703193233635,0.5054,98.6717,30.1997,18.3943,0.9207,0
joint,5045,1,Responder,4,3,5,Initiator,1,1,3,2,1,0,-0.0164,1.1961,0.8376,6.1615,181.3947,356.0392,-0.0166,1.1946,0.8228,6.0435,181.425,356.0788,1,-0.0319,0.0038,-0.0241,-0.021,0.0766,0.9968,0.0308,0.0072,-0.0234,-0.0731,0.0757,0.9944,-0.0159,1.2026,0.8458,0.0169,-0.0261,-0.9995,1,Player1Face,0.009,1.1642,-0.6255,Player1Face,8816974948,0.0019,0.7999,0.2928,345.9301,51.2605,345.0105,FingerCubeReady,TABLE_Folding,-0.0122,1.175,-0.6105,358.5161,1.9912,355.3384,0.0032,-0.0051,0.9999,0.2388,0.2144,0,-0.0389,-0.0051,0.9992,0.2342,357.8728,0,Player2Face,0.0105,1.2084,0.85,0.0062,0.7948,-0.281,348.1422,224.1512,336.4627,FingerCubeReady,Carpet,2435.813,0,1,Cube1,-0.4,0.89,0,0,2397.166,2387.9809823,0.018703193233635,0.5054,98.6733,30.2039,18.3991,0.9181,0
joint,5045,1,Responder,4,3,5,Initiator,1,1,3,2,1,0,-0.0164,1.1961,0.8376,6.1646,181.3754,356.0326,-0.0167,1.1946,0.8228,6.0465,181.4294,356.0843,1,-0.0319,0.0038,-0.0241,-0.0209,0.0765,0.9968,0.0308,0.0072,-0.0234,-0.0731,0.076,0.9944,-0.0159,1.2026,0.8458,0.0168,-0.026,-0.9995,1,Player1Face,0.0087,1.1643,-0.6255,Player1Face,8816983279,0.0019,0.7999,0.2928,345.9303,51.2542,345.0156,FingerCubeReady,TABLE_Folding,-0.0122,1.175,-0.6105,358.5161,1.9912,355.3384,0.0032,-0.0051,0.9999,0.2388,0.2144,0,-0.0389,-0.0051,0.9992,0.2342,357.8728,0,Player2Face,0.0105,1.2084,0.85,0.0062,0.7948,-0.2809,348.1218,224.1329,336.457,FingerCubeReady,Carpet,2435.813,0,1,Cube1,-0.4,0.89,0,0,2397.177,2387.9919993,0.018703193233635,0.5054,98.6765,30.1975,18.4024,0.9087,0
joint,5045,1,Responder,4,3,5,Initiator,1,1,3,2,1,0,-0.0164,1.1961,0.8376,6.1772,181.3718,356.0144,-0.0167,1.1946,0.8228,6.0423,181.4374,356.0984,1,-0.032,0.0038,-0.0243,-0.0388,0.0641,0.9972,0.0308,0.0071,-0.0235,-0.0839,0.0632,0.9945,-0.0158,1.2026,0.846,0.0318,-0.0375,-0.9988,1,Player1Face,0.0314,1.1469,-0.6378,Player1Face,8816999942,0.002,0.7999,0.2928,345.932,51.2672,345.0147,FingerCubeReady,TABLE_Folding,-0.0121,1.175,-0.6105,358.5371,2.0015,355.3392,0.0028,-0.0055,0.9999,0.2623,0.2008,0,-0.0391,-0.0055,0.9992,0.2576,357.8357,0,Player2Face,0.0103,1.2074,0.8502,0.0062,0.7948,-0.2809,348.1218,224.1329,336.457,FingerCubeReady,Carpet,2435.824,0,1,Cube1,-0.4,0.89,0,0,2397.189,2388.0040357,0.018703193233635,0.5054,98.6666,30.5228,17.7547,1.9854,0
joint,5045,1,Responder,4,3,5,Initiator,1,1,3,2,1,0,-0.0164,1.1961,0.8376,6.1922,181.3686,355.9971,-0.0167,1.1946,0.8228,6.0458,181.4378,356.0959,1,-0.0321,0.0038,-0.0244,-0.0766,0.0317,0.9966,0.0306,0.0071,-0.0235,-0.1148,0.0377,0.9927,-0.0157,1.2026,0.8461,0.0682,-0.0639,-0.9956,1,PlasterWallShort2,0.1757,1.0232,-1.95,Player1Body,8817008274,0.002,0.7999,0.2928,345.9236,51.2656,345.0178,FingerCubeReady,TABLE_Folding,-0.0121,1.1749,-0.6105,358.5362,2.0203,355.3443,0.0021,-0.0058,0.9999,0.284,0.181,0,-0.0381,-0.0058,0.9993,0.2793,357.8159,0,Player2Face,0.011,1.207,0.8504,0.0062,0.7948,-0.2809,348.1147,224.1185,336.4561,FingerCubeReady,Carpet,2435.835,0,1,Cube1,-0.4,0.89,0,0,2397.2,2388.0144542,0.018703193233635,0.5054,98.6691,31.4768,16.454,4.5672,0
joint,5045,1,Responder,4,3,5,Initiator,1,1,3,2,1,0,-0.0164,1.1961,0.8376,6.2088,181.3599,355.9884,-0.0167,1.1946,0.8228,6.0519,181.4381,356.0836,1,-0.0323,0.0037,-0.0246,-0.1119,0.0002,0.9937,0.0304,0.0069,-0.0235,-0.1496,-0.0036,0.9887,-0.0155,1.2024,0.8461,0.1058,-0.0973,-0.9896,1,PlasterWallShort2,0.2834,0.9275,-1.95,Player1Body,8817016605,0.002,0.7999,0.2928,345.9194,51.2738,345.0105,FingerCubeReady,TABLE_Folding,-0.0121,1.1749,-0.6104,358.5485,2.0239,355.3312,0.0021,-0.0063,0.9999,0.3067,0.1596,0,-0.0384,-0.0063,0.9993,0.302,357.8078,0,Player2Face,0.0108,1.206,0.8506,0.0062,0.7948,-0.2809,348.1155,224.1204,336.4518,FingerCubeReady,Carpet,2435.846,0,1,Cube1,-0.4,0.89,0,0,2397.211,2388.0255544,0.018703193233635,0.5054,98.6668,32.4849,15.1009,7.4662,0
joint,5045,1,Responder,4,3,5,Initiator,1,1,3,2,1,0,-0.0164,1.196,0.8375,6.2432,181.3538,355.9796,-0.0167,1.1946,0.8228,6.0661,181.4338,356.0437,1,-0.0326,0.0036,-0.0254,-0.1711,-0.088,0.9813,0.0299,0.0066,-0.0236,-0.2187,-0.0934,0.9713,-0.0151,1.2023,0.8465,0.1766,-0.1798,-0.9677,1,PlasterWallShort2,0.4951,0.6827,-1.95,Player1UpperArm,8817033268,0.002,0.7999,0.2927,345.9272,51.2914,345.006,FingerCubeReady,TABLE_Folding,-0.0121,1.1749,-0.6104,358.552,2.0424,355.3358,0.0015,-0.0067,0.9999,0.3305,0.1374,0,-0.0388,-0.0067,0.9992,0.3257,357.7999,0,Player2Face,0.0105,1.2053,0.8507,0.0062,0.7947,-0.2809,348.1034,224.1036,336.4556,FingerCubeReady,Carpet,2435.858,0,1,Cube1,-0.4,0.89,0,0,2397.222,2388.0372075,0.018703193233635,0.5054,98.6529,34.6054,13.0434,13.7581,0
joint,5045,1,Responder,4,3,5,Initiator,1,1,3,2,1,0,-0.0167,1.196,0.8377,6.2579,181.3524,355.9702,-0.0167,1.1946,0.8228,6.0716,181.4316,356.0387,1,-0.0328,0.0035,-0.0254,-0.2127,-0.1103,0.9709,0.0297,0.0064,-0.0235,-0.2486,-0.119,0.9613,-0.0149,1.2022,0.8465,0.2142,-0.2001,-0.9561,1,PlasterWallShort2,0.6117,0.6169,-1.95,Player1UpperArm,8817041600,0.002,0.7999,0.2927,345.9244,51.2985,345.0087,FingerCubeReady,TABLE_Folding,-0.012,1.1749,-0.6104,358.5551,2.0549,355.331,0.0016,-0.0047,0.9999,0.3311,0.119,0,-0.0392,-0.0047,0.9992,0.3288,357.7888,0,Player2Face,0.0107,1.2081,0.8501,0.0062,0.7948,-0.2809,348.1157,224.1054,336.4496,FingerCubeReady,Carpet,2435.869,0,1,Cube1,-0.4,0.89,0,0,2397.233,2388.0480984,0.018703193233635,0.5054,98.6468,36.4282,13.8831,16.2463,0
joint,5045,1,Responder,4,3,5,Initiator,1,1,3,2,1,0,-0.0166,1.196,0.8377,6.2867,181.3515,355.9679,-0.0167,1.1945,0.8228,6.0783,181.423,356.0342,1,-0.0332,0.0034,-0.0256,-0.273,-0.1404,0.9517,0.0294,0.0063,-0.0235,-0.3355,-0.1636,0.9277,-0.0146,1.2021,0.8466,0.2913,-0.2295,-0.9287,1,PlasterWallShort2,0.8625,0.511,-1.95,Player1LowerArm,8817058263,0.002,0.7999,0.2927,345.9103,51.2897,345.0087,FingerCubeReady,TABLE_Folding,-0.0121,1.175,-0.6104,358.5342,2.0559,355.337,0.0013,-0.0064,0.9999,0.3264,0.0962,0,-0.0393,-0.0064,0.9992,0.3258,357.7776,0,Player2Face,0.0103,1.2061,0.8504,0.0062,0.7948,-0.2808,348.1168,224.1045,336.4441,FingerCubeReady,Carpet,2435.891,0,0,Cube1,-0.4,0.89,0,0,2397.245,2388.0597464,0.018703193233635,0.5054,98.6571,40.5429,16.9943,21.045,0
joint,5045,1,Responder,4,3,5,Initiator,1,1,3,2,1,0,-0.0166,1.196,0.8377,6.3138,181.3425,355.9699,-0.0168,1.1945,0.8227,6.0852,181.4172,356.0293,1,-0.0333,0.0035,-0.0261,-0.3078,-0.163,0.9374,0.0292,0.0062,-0.0234,-0.3602,-0.1789,0.9156,-0.0144,1.2022,0.8468,0.3227,-0.2449,-0.9143,1,Cube3,0.3,0.9635,-0.0441,Cube3,8817066594,0.002,0.7999,0.2927,345.9209,51.2956,345.0143,FingerCubeReady,TABLE_Folding,-0.0121,1.175,-0.6104,358.5342,2.0559,355.337,0.0013,-0.0064,0.9999,0.3264,0.0962,0,-0.0393,-0.0064,0.9992,0.3258,357.7776,0,Player2Face,0.0103,1.2061,0.8504,0.0062,0.7948,-0.2808,348.1178,224.0958,336.4325,FingerCubeReady,Carpet,2435.891,0,0,Cube1,-0.4,0.89,0,0,2397.256,2388.0707022,0.018703193233635,0.5054,98.6481,42.2691,18.4661,23.1926,0
joint,5045,1,Responder,4,3,5,Initiator,1,1,3,2,1,0,-0.0166,1.196,0.8377,6.3526,181.3512,355.9832,-0.0168,1.1945,0.8227,6.0949,181.415,356.0319,1,-0.0335,0.0034,-0.026,-0.3308,-0.1785,0.9267,0.029,0.0062,-0.0234,-0.3913,-0.2005,0.8981,-0.0143,1.2021,0.8467,0.3514,-0.2602,-0.8993,1,Cube3,0.3,0.9694,0.0424,Cube3,8817074926,0.002,0.7999,0.2927,345.9181,51.292,345.0122,FingerCubeReady,TABLE_Folding,-0.0121,1.175,-0.6104,358.5192,2.0548,355.3423,0.0012,-0.0061,0.9999,0.3354,0.0866,0,-0.0393,-0.0061,0.9992,0.3342,357.7684,0,Player2Face,0.0102,1.207,0.8502,0.0062,0.7948,-0.2808,348.1178,224.0958,336.4325,FingerCubeReady,Carpet,2435.903,0,0,Cube1,-0.4,0.89,0,0,2397.267,2388.0816316,0.018703193233635,0.5054,98.6522,43.8993,19.9301,25.2383,0
joint,5045,1,Responder,4,3,5,Initiator,1,1,3,2,1,0,-0.0164,1.1959,0.8376,6.3827,181.3372,355.9964,-0.0168,1.1945,0.8227,6.125,181.4085,356.0424,1,-0.0336,0.0033,-0.026,-0.3875,-0.2023,0.8994,0.0288,0.006,-0.0234,-0.4283,-0.2118,0.8784,-0.0141,1.202,0.8467,0.3999,-0.2723,-0.8752,1,Cube3,0.3271,0.9696,0.1,Cube3,8817091589,0.002,0.7999,0.2927,345.9287,51.2937,345.0074,FingerCubeReady,TABLE_Folding,-0.0121,1.175,-0.6104,358.5131,2.0534,355.325,0.0012,-0.0064,0.9999,0.3442,0.0794,0,-0.0391,-0.0064,0.9992,0.3427,357.763,0,Player2Face,0.0104,1.2067,0.8503,0.0062,0.7948,-0.2808,348.1179,224.1084,336.4308,FingerCubeReady,Carpet,2435.915,0,0,Cube1,-0.4,0.89,0,0,2397.278,2388.092554,0.018703193233635,0.5054,98.6498,46.8157,22.7396,28.2872,0
joint,5045,1,Responder,4,3,5,Initiator,1,1,3,2,1,0,-0.0164,1.1959,0.8376,6.4081,181.312,356.0247,-0.0168,1.1945,0.8227,6.1319,181.4067,356.0504,1,-0.0337,0.0034,-0.0263,-0.3894,-0.2146,0.8957,0.0287,0.006,-0.0235,-0.4397,-0.2282,0.8687,-0.014,1.202,0.8469,0.4078,-0.2856,-0.8673,1,Cube3,0.3372,0.9561,0.1,Cube3,8817099921,0.002,0.7999,0.2928,345.9164,51.2854,344.9973,FingerCubeReady,TABLE_Folding,-0.0121,1.175,-0.6104,358.5208,2.0392,355.3295,0.0019,-0.006,0.9999,0.3537,0.0829,0,-0.0378,-0.006,0.9993,0.3526,357.7843,0,Player2Face,0.0115,1.207,0.8506,0.0062,0.7948,-0.2808,348.1242,224.1308,336.4179,FingerCubeReady,Carpet,2435.936,0,0,Cube1,-0.4,0.89,0,0,2397.289,2388.1041389,0.018703193233635,0.5054,98.6617,47.2617,23.1554,29.1985,0
joint,5045,1,Responder,4,3,5,Initiator,1,1,3,2,1,0,-0.0163,1.196,0.8375,6.4277,181.2739,356.0599,-0.0168,1.1945,0.8227,6.1407,181.4004,356.0493,1,-0.0338,0.0035,-0.0268,-0.3857,-0.2102,0.8983,0.0286,0.0061,-0.0238,-0.442,-0.2316,0.8666,-0.0139,1.2021,0.8473,0.4073,-0.2853,-0.8676,1,Cube3,0.3369,0.9564,0.1,Cube3,8817108252,0.0019,0.7999,0.2927,345.9225,51.2901,344.9911,FingerCubeReady,TABLE_Folding,-0.0121,1.175,-0.6104,358.5116,2.038,355.3254,0.0021,-0.0064,0.9998,0.3551,0.0932,0,-0.0377,-0.0064,0.9993,0.3544,357.8015,0,Player2Face,0.0117,1.2067,0.8508,0.0062,0.7948,-0.2808,348.1205,224.1297,336.4274,FingerCubeReady,Carpet,2435.947,0,0,Cube1,-0.4,0.89,0,0,2397.3,2388.1151507,0.018703193233635,0.5054,98.6594,47.2234,23.1269,29.1612,0
joint,5045,1,Responder,4,3,5,Initiator,1,1,3,2,1,0,-0.0162,1.1959,0.8375,6.4284,181.247,356.0721,-0.0168,1.1945,0.8227,6.1604,181.3945,356.0396,1,-0.0338,0.0033,-0.0263,-0.3931,-0.2111,0.8949,0.0287,0.0061,-0.0238,-0.4386,-0.2336,0.8678,-0.0139,1.202,0.847,0.4095,-0.2867,-0.8661,1,Cube3,0.3392,0.9547,0.1,Cube3,8817124915,0.0019,0.7998,0.2927,345.934,51.297,344.9888,FingerCubeReady,TABLE_Folding,-0.0121,1.175,-0.6104,358.5116,2.038,355.3254,0.0021,-0.0064,0.9998,0.3551,0.0932,0,-0.0377,-0.0064,0.9993,0.3544,357.8015,0,Player2Face,0.0117,1.2067,0.8508,0.0062,0.7948,-0.2808,348.12,224.1186,336.4286,FingerCubeReady,Carpet,2435.947,0,0,Cube1,-0.4,0.89,0,0,2397.312,2388.1262249,0.018703193233635,0.5053,98.6535,47.3629,23.2559,29.3339,0
joint,5045,1,Responder,4,3,5,Initiator,1,1,3,2,1,0,-0.0161,1.1959,0.8374,6.4564,181.2025,356.1041,-0.0168,1.1945,0.8227,6.1636,181.3818,356.0348,1,-0.0338,0.0033,-0.0263,-0.3902,-0.2191,0.8942,0.0287,0.006,-0.0237,-0.4395,-0.235,0.8669,-0.014,1.202,0.8469,0.4091,-0.2913,-0.8648,1,Cube3,0.3393,0.9503,0.1,Cube3,8817133247,0.002,0.7998,0.2927,345.9336,51.3059,344.9847,FingerCubeReady,TABLE_Folding,-0.0121,1.1751,-0.6104,358.5083,2.0283,355.3265,0.0024,-0.0067,0.9998,0.361,0.1057,0,-0.0368,-0.0067,0.9993,0.36,357.8231,0,Player2Face,0.0123,1.2062,0.851,0.0062,0.7948,-0.2808,348.12,224.1186,336.4286,FingerCubeReady,Carpet,2435.958,0,0,Cube1,-0.4,0.89,0,0,2397.323,2388.1374592,0.018703193233635,0.5053,98.6499,47.3268,23.2118,29.4831,0
joint,5045,1,Responder,4,3,5,Initiator,1,1,3,2,1,0,-0.016,1.1959,0.8374,6.4679,181.1652,356.1248,-0.0168,1.1945,0.8227,6.1695,181.374,356.0255,1,-0.0338,0.0034,-0.0264,-0.3898,-0.2183,0.8946,0.0287,0.006,-0.0237,-0.4354,-0.2305,0.8702,-0.014,1.202,0.847,0.4067,-0.2891,-0.8666,1,Cube3,0.3366,0.9529,0.1,Cube3,8817141578,0.0019,0.7999,0.2927,345.9197,51.2971,344.9864,FingerCubeReady,TABLE_Folding,-0.0122,1.175,-0.6104,358.4894,2.0355,355.3341,0.0044,-0.0074,0.9998,0.3755,0.1365,0,-0.0369,-0.0074,0.9993,0.3736,357.8443,0,Player2Face,0.0138,1.2054,0.8516,0.0062,0.7948,-0.2808,348.1213,224.1201,336.4294,FingerCubeReady,Carpet,2435.969,0,0,Cube1,-0.4,0.89,0,0,2397.334,2388.1484082,0.018703193233635,0.5053,98.6577,47.1832,23.0728,29.27,0
joint,5045,1,Responder,4,3,5,Initiator,1,1,3,2,1,0,-0.0158,1.1959,0.8374,6.4727,181.1259,356.1629,-0.0168,1.1945,0.8227,6.1906,181.369,355.999,1,-0.0338,0.0035,-0.0267,-0.3852,-0.2155,0.8973,0.0287,0.006,-0.0237,-0.4451,-0.2355,0.8639,-0.014,1.2021,0.8471,0.4096,-0.29,-0.8649,1,Cube3,0.3398,0.9516,0.1,Cube3,8817158241,0.0019,0.7998,0.2927,345.9348,51.2967,344.9847,FingerCubeReady,TABLE_Folding,-0.0122,1.1751,-0.6105,358.4851,2.025,355.3348,0.0046,-0.0072,0.9998,0.3907,0.1769,0,-0.0366,-0.0072,0.9993,0.3883,357.8626,0,Player2Face,0.014,1.2058,0.8514,0.0062,0.7947,-0.2808,348.1155,224.1188,336.4322,FingerCubeReady,Carpet,2435.98,0,0,Cube1,-0.4,0.89,0,0,2397.345,2388.1604034,0.018703193233635,0.5053,98.6573,47.359,23.25,29.4634,0
joint,5045,1,Responder,4,3,5,Initiator,1,1,3,2,1,0,-0.0158,1.1959,0.8374,6.4791,181.0821,356.1915,-0.0168,1.1944,0.8226,6.203,181.3629,355.9915,1,-0.0338,0.0035,-0.0267,-0.3831,-0.2165,0.898,0.0287,0.006,-0.0237,-0.4427,-0.2338,0.8656,-0.014,1.2021,0.8471,0.4074,-0.29,-0.8659,1,Cube3,0.3375,0.9518,0.1,Cube3,8817166573,0.0019,0.7998,0.2927,345.9398,51.3013,344.9802,FingerCubeReady,TABLE_Folding,-0.0122,1.1752,-0.6105,358.4659,2.0215,355.3406,0.0051,-0.0077,0.9998,0.4144,0.2236,0,-0.0368,-0.0077,0.9993,0.4121,357.8883,0,Player2Face,0.0141,1.2055,0.8514,0.0062,0.7948,-0.2808,348.1206,224.1196,336.4182,FingerCubeReady,Carpet,2436.003,0,0,Cube1,-0.4,0.89,0,0,2397.357,2388.1718072,0.018703193233635,0.5053,98.6556,47.2247,23.1158,29.3489,0
joint,5045,1,Responder,4,3,5,Initiator,1,1,3,2,1,0,-0.0156,1.1959,0.8374,6.4973,181.0511,356.2216,-0.0168,1.1944,0.8226,6.2219,181.3575,355.985,1,-0.0338,0.0035,-0.0267,-0.3823,-0.217,0.8982,0.0288,0.0061,-0.0237,-0.4386,-0.2322,0.8682,-0.014,1.2021,0.8471,0.4049,-0.29,-0.8671,1,Cube3,0.3349,0.9522,0.1,Cube3,8817174904,0.002,0.7998,0.2927,345.9371,51.298,344.9861,FingerCubeReady,TABLE_Folding,-0.0122,1.1752,-0.6104,358.4661,2.0027,355.3596,0.0055,-0.0075,0.9998,0.4225,0.2511,0,-0.0364,-0.0075,0.9993,0.4206,357.8953,0,Player2Face,0.0142,1.2058,0.8513,0.0062,0.7948,-0.2808,348.1255,224.1197,336.4027,FingerCubeReady,Carpet,2436.014,0,0,Cube1,-0.4,0.89,0,0,2397.367,2388.1823419,0.018703193233635,0.5053,98.6559,47.0682,22.9592,29.213,0
joint,5045,1,Responder,4,3,5,Initiator,1,1,3,2,1,0,-0.0156,1.1959,0.8374,6.5096,181.006,356.248,-0.017,1.1944,0.8228,6.256,181.3526,355.9715,1,-0.0338,0.0034,-0.0266,-0.3821,-0.2172,0.8982,0.0288,0.0061,-0.0237,-0.4415,-0.2334,0.8663,-0.0142,1.202,0.8472,0.4065,-0.291,-0.8661,1,Cube3,0.3365,0.951,0.1,Cube3,8817191567,0.002,0.7998,0.2927,345.9337,51.2988,344.9856,FingerCubeReady,TABLE_Folding,-0.0122,1.1752,-0.6104,358.4661,2.0027,355.3596,0.0055,-0.0075,0.9998,0.4225,0.2511,0,-0.0364,-0.0075,0.9993,0.4206,357.8953,0,Player2Face,0.0142,1.2058,0.8513,0.0062,0.7948,-0.2808,348.1227,224.1278,336.4077,FingerCubeReady,Carpet,2436.014,0,0,Cube1,-0.4,0.89,0,0,2397.379,2388.1938325,0.018703193233635,0.5053,98.6573,47.1537,23.0458,29.3302,0
joint,5045,1,Responder,4,3,5,Initiator,1,1,3,2,1,0,-0.0155,1.1959,0.8374,6.5128,180.9873,356.2902,-0.017,1.1944,0.8228,6.2749,181.3518,355.9689,1,-0.0338,0.0034,-0.0266,-0.383,-0.2173,0.8978,0.0288,0.0061,-0.0237,-0.4428,-0.2341,0.8655,-0.0142,1.202,0.8472,0.4077,-0.2915,-0.8653,1,Cube3,0.3378,0.9503,0.1,Cube3,8817199899,0.002,0.7998,0.2927,345.9348,51.2969,344.9822,FingerCubeReady,TABLE_Folding,-0.0123,1.1751,-0.6104,358.4581,1.9787,355.3714,0.0059,-0.008,0.9998,0.4379,0.2955,0,-0.036,-0.008,0.9993,0.4362,357.9099,0,Player2Face,0.014,1.2053,0.8514,0.0062,0.7948,-0.2808,348.1227,224.1278,336.4077,FingerCubeReady,Carpet,2436.036,0,0,Cube1,-0.4,0.89,0,0,2397.39,2388.2045838,0.018703193233635,0.5053,98.659,47.2224,23.1141,29.4115,0
joint,5045,1,Responder,4,3,5,Initiator,1,1,3,2,1,0,-0.0154,1.1959,0.8374,6.5166,180.9571,356.3247,-0.017,1.1944,0.8228,6.2955,181.3485,355.9686,1,-0.0338,0.0034,-0.0266,-0.3827,-0.2176,0.8979,0.0288,0.0061,-0.0237,-0.4422,-0.2339,0.8659,-0.0142,1.202,0.8472,0.4073,-0.2919,-0.8654,1,Cube3,0.3375,0.95,0.1,Cube3,8817208230,0.002,0.7998,0.2927,345.9355,51.293,344.9778,FingerCubeReady,TABLE_Folding,-0.0123,1.1751,-0.6105,358.4507,1.972,355.3789,0.0061,-0.0083,0.9998,0.4486,0.3134,0,-0.0369,-0.0083,0.9993,0.4468,357.9112,0,Player2Face,0.0133,1.2051,0.8512,0.0062,0.7948,-0.2807,348.1169,224.1244,336.4072,FingerCubeReady,Carpet,2436.047,0,0,Cube1,-0.4,0.89,0,0,2397.401,2388.2154717,0.018703193233635,0.5054,98.6631,47.1994,23.09,29.4052,0
joint,5045,1,Responder,4,3,5,Initiator,1,1,3,2,1,0,-0.0154,1.1959,0.8374,6.5168,180.9385,356.3543,-0.0169,1.1943,0.8228,6.3467,181.3499,355.9812,1,-0.0338,0.0034,-0.0265,-0.3825,-0.2176,0.8979,0.0288,0.0061,-0.0237,-0.4409,-0.234,0.8665,-0.0142,1.202,0.8471,0.4065,-0.2929,-0.8654,1,Cube3,0.3368,0.9491,0.1,Cube3,8817224893,0.002,0.7998,0.2927,345.9358,51.2923,344.9741,FingerCubeReady,TABLE_Folding,-0.0123,1.1751,-0.6105,358.4507,1.972,355.3789,0.0061,-0.0083,0.9998,0.4486,0.3134,0,-0.0369,-0.0083,0.9993,0.4468,357.9112,0,Player2Face,0.0133,1.2051,0.8512,0.0062,0.7948,-0.2807,348.1184,224.133,336.4015,FingerCubeReady,Carpet,2436.047,0,0,Cube1,-0.4,0.89,0,0,2397.412,2388.2266896,0.018703193233635,0.5054,98.6655,47.1499,23.0378,29.4022,0
joint,5045,1,Responder,4,3,5,Initiator,1,1,3,2,1,0,-0.0153,1.1959,0.8374,6.5344,180.9124,356.3645,-0.0168,1.1943,0.8227,6.371,181.3426,355.9913,1,-0.0338,0.0034,-0.0265,-0.3826,-0.218,0.8978,0.0288,0.0061,-0.0236,-0.4407,-0.235,0.8663,-0.0141,1.2019,0.847,0.4066,-0.294,-0.865,1,Cube3,0.3371,0.948,0.1,Cube3,8817233225,0.002,0.7998,0.2927,345.9412,51.2934,344.9712,FingerCubeReady,TABLE_Folding,-0.0123,1.1751,-0.6105,358.4476,1.9604,355.3862,0.0059,-0.008,0.9998,0.4558,0.3262,0,-0.0375,-0.008,0.9993,0.4543,357.8987,0,Player2Face,0.0125,1.2056,0.8508,0.0062,0.7948,-0.2807,348.1184,224.133,336.4015,FingerCubeReady,Carpet,2436.059,0,0,Cube1,-0.4,0.89,0,0,2397.423,2388.238217,0.018703193233635,0.5054,98.6652,47.1597,23.0441,29.4533,0
joint,5045,1,Responder,4,3,5,Initiator,1,1,3,2,1,0,-0.0153,1.1959,0.8374,6.542,180.9046,356.3743,-0.0168,1.1942,0.8227,6.3917,181.3283,356.0064,1,-0.0338,0.0034,-0.0265,-0.3826,-0.2183,0.8978,0.0288,0.0061,-0.0236,-0.4404,-0.2353,0.8664,-0.014,1.2019,0.847,0.4066,-0.2947,-0.8648,1,Cube3,0.3372,0.9473,0.1,Cube3,8817241556,0.002,0.7998,0.2927,345.933,51.2917,344.9742,FingerCubeReady,TABLE_Folding,-0.0123,1.1752,-0.6106,358.4381,1.9458,355.394,0.0052,-0.0082,0.9998,0.4636,0.3174,0,-0.0377,-0.0082,0.9993,0.4626,357.8683,0,Player2Face,0.0114,1.2057,0.8505,0.0062,0.7948,-0.2807,348.1201,224.1347,336.399,FingerCubeReady,Carpet,2436.079,0,0,Cube1,-0.4,0.89,0,0,2397.434,2388.2488913,0.018703193233635,0.5054,98.6663,47.1631,23.045,29.4823,0
joint,5045,1,Responder,4,3,5,Initiator,1,1,3,2,1,0,-0.0152,1.1959,0.8374,6.5577,180.8947,356.405,-0.0166,1.1943,0.8226,6.4244,181.2803,356.054,1,-0.0338,0.0034,-0.0264,-0.3829,-0.2183,0.8976,0.0288,0.0061,-0.0236,-0.4399,-0.2353,0.8667,-0.0139,1.2019,0.8469,0.4071,-0.2956,-0.8642,1,Cube3,0.3379,0.9465,0.1,Cube3,8817258219,0.002,0.7999,0.2927,345.9243,51.284,344.9772,FingerCubeReady,TABLE_Folding,-0.0123,1.1752,-0.6106,358.4381,1.9458,355.394,0.0052,-0.0082,0.9998,0.4636,0.3174,0,-0.0377,-0.0082,0.9993,0.4626,357.8683,0,Player2Face,0.0114,1.2057,0.8505,0.0062,0.7948,-0.2807,348.1183,224.1306,336.3985,FingerCubeReady,Carpet,2436.079,0,0,Cube1,-0.4,0.89,0,0,2397.446,2388.2608519,0.018703193233635,0.5054,98.6722,47.202,23.0791,29.5444,0
joint,5045,1,Responder,4,3,5,Initiator,1,1,3,2,1,0,-0.0152,1.1959,0.8374,6.5635,180.8926,356.4413,-0.0166,1.1943,0.8226,6.4281,181.2581,356.0671,1,-0.0338,0.0034,-0.0264,-0.3829,-0.2185,0.8976,0.0288,0.0061,-0.0236,-0.4398,-0.2356,0.8666,-0.0138,1.2019,0.8468,0.4073,-0.296,-0.864,1,Cube3,0.3382,0.9461,0.1,Cube3,8817266551,0.002,0.7999,0.2927,345.9226,51.2766,344.9764,FingerCubeReady,TABLE_Folding,-0.0124,1.1752,-0.6107,358.425,1.9372,355.4009,0.0053,-0.0085,0.9998,0.4697,0.3104,0,-0.0374,-0.0085,0.9993,0.4687,357.8586,0,Player2Face,0.0114,1.2055,0.8505,0.0062,0.7948,-0.2807,348.1183,224.1306,336.3985,FingerCubeReady,Carpet,2436.092,0,0,Cube1,-0.4,0.89,0,0,2397.457,2388.2713007,0.018703193233635,0.5054,98.6773,47.2193,23.0946,29.5776,0
joint,5045,1,Responder,4,3,5,Initiator,1,1,3,2,1,0,-0.0154,1.1958,0.8375,6.5657,180.8724,356.4407,-0.0164,1.1943,0.8225,6.4573,181.1996,356.1057,1,-0.0338,0.0034,-0.0264,-0.3823,-0.2176,0.898,0.0288,0.0061,-0.0236,-0.4408,-0.236,0.866,-0.0137,1.2019,0.8468,0.4083,-0.2964,-0.8634,1,Cube3,0.3391,0.946,0.1,Cube3,8817283214,0.002,0.7999,0.2928,345.9203,51.2727,344.9745,FingerCubeReady,TABLE_Folding,-0.0125,1.1752,-0.6108,358.4229,1.9334,355.3965,0.0062,-0.0086,0.9998,0.4774,0.317,0,-0.0357,-0.0086,0.9994,0.4762,357.8729,0,Player2Face,0.0132,1.2053,0.851,0.0062,0.7948,-0.2807,348.1162,224.1305,336.4025,FingerCubeReady,Carpet,2436.104,0,0,Cube1,-0.4,0.89,0,0,2397.469,2388.2834027,0.018703193233635,0.5054,98.6806,47.2875,23.1608,29.6537,0
joint,5045,1,Responder,4,3,5,Initiator,1,1,3,2,1,0,-0.0154,1.1958,0.8375,6.5743,180.8695,356.4372,-0.0163,1.1942,0.8225,6.4661,181.1712,356.1214,1,-0.0338,0.0034,-0.0264,-0.3821,-0.2167,0.8983,0.0288,0.0061,-0.0236,-0.4407,-0.2361,0.866,-0.0136,1.2019,0.8468,0.4085,-0.2963,-0.8633,1,Cube3,0.3397,0.9456,0.1,Cube3,8817291546,0.0019,0.7999,0.2928,345.9107,51.2599,344.9784,FingerCubeReady,TABLE_Folding,-0.0126,1.1752,-0.6107,358.4272,1.9273,355.3996,0.0062,-0.0086,0.9998,0.4826,0.3277,0,-0.0354,-0.0086,0.9994,0.4815,357.8958,0,Player2Face,0.0132,1.2052,0.8511,0.0062,0.7948,-0.2807,348.109,224.1235,336.4105,FingerCubeReady,Carpet,2436.114,0,0,Cube1,-0.4,0.89,0,0,2397.48,2388.2942833,0.018703193233635,0.5054,98.6897,47.3059,23.178,29.6689,0
joint,5045,1,Responder,4,3,5,Initiator,1,1,3,2,1,0,-0.0154,1.1958,0.8375,6.5618,180.8581,356.4246,-0.0162,1.1942,0.8225,6.4705,181.1438,356.1456,1,-0.0338,0.0034,-0.0264,-0.3822,-0.2159,0.8985,0.0288,0.0061,-0.0236,-0.4409,-0.2362,0.8659,-0.0135,1.2019,0.8468,0.4089,-0.2962,-0.8631,1,Cube3,0.3403,0.9456,0.1,Cube3,8817299877,0.0019,0.7999,0.2928,345.9126,51.2649,344.9783,FingerCubeReady,TABLE_Folding,-0.0125,1.1752,-0.6105,358.4403,1.9192,355.4164,0.0065,-0.0094,0.9998,0.5133,0.3223,0,-0.0358,-0.0094,0.9994,0.511,357.9314,0,Player2Face,0.0129,1.2038,0.8514,0.0062,0.7947,-0.2806,348.1082,224.1241,336.4146,FingerCubeReady,Carpet,2436.137,0,0,Cube1,-0.4,0.89,0,0,2397.49,2388.3053221,0.018703193233635,0.5054,98.6853,47.3403,23.2117,29.6912,0
joint,5045,1,Responder,4,3,5,Initiator,1,1,3,2,1,0,-0.0154,1.1959,0.8376,6.5566,180.8657,356.4044,-0.0161,1.1942,0.8225,6.4743,181.1148,356.1701,1,-0.0338,0.0034,-0.0264,-0.3821,-0.2161,0.8985,0.0288,0.0061,-0.0236,-0.4407,-0.2353,0.8662,-0.0134,1.2019,0.8468,0.4091,-0.2961,-0.8631,1,Cube3,0.3406,0.9457,0.1,Cube3,8817308209,0.0019,0.7999,0.2928,345.9167,51.2635,344.9766,FingerCubeReady,TABLE_Folding,-0.0124,1.1752,-0.6106,358.4453,1.9271,355.3982,0.0065,-0.0081,0.9998,0.5112,0.3362,0,-0.0355,-0.0081,0.9994,0.5103,357.9423,0,Player2Face,0.0135,1.2056,0.851,0.0063,0.7947,-0.2805,348.1012,224.1177,336.4091,FingerCubeReady,Carpet,2436.148,0,0,Cube1,-0.4,0.89,0,0,2397.501,2388.3162305,0.018703193233635,0.5054,98.6853,47.3563,23.2254,29.6985,0
joint,5045,1,Responder,4,3,5,Initiator,1,1,3,2,1,0,-0.0155,1.1959,0.8376,6.5376,180.8538,356.3707,-0.0159,1.1942,0.8225,6.4932,181.0581,356.2148,1,-0.0339,0.0034,-0.0265,-0.3815,-0.215,0.899,0.0288,0.0061,-0.0235,-0.4398,-0.2361,0.8665,-0.0133,1.2019,0.8468,0.4091,-0.2967,-0.8629,1,Cube3,0.3407,0.9452,0.1,Cube3,8817324872,0.0019,0.7999,0.2928,345.9213,51.2637,344.9738,FingerCubeReady,TABLE_Folding,-0.0125,1.1753,-0.6106,358.4505,1.9295,355.4071,0.0053,-0.0088,0.9998,0.5046,0.338,0,-0.0334,-0.0088,0.9994,0.5046,357.969,0,Player2Face,0.0141,1.2043,0.8515,0.0063,0.7948,-0.2805,348.0997,224.1218,336.4066,FingerCubeReady,Carpet,2436.159,0,0,Cube1,-0.4,0.89,0,0,2397.513,2388.3271689,0.018703193233635,0.5054,98.685,47.3599,23.227,29.724,0
joint,5045,1,Responder,4,3,5,Initiator,1,1,3,2,1,0,-0.0155,1.1959,0.8376,6.5299,180.8713,356.3387,-0.0158,1.1942,0.8225,6.5036,181.0277,356.2353,1,-0.0339,0.0034,-0.0265,-0.3814,-0.2147,0.8991,0.0288,0.0061,-0.0235,-0.4401,-0.2361,0.8663,-0.0132,1.2019,0.8468,0.4095,-0.2969,-0.8626,1,Cube3,0.3413,0.9449,0.1,Cube3,8817333203,0.0019,0.7999,0.2928,345.9228,51.2645,344.9768,FingerCubeReady,TABLE_Folding,-0.0125,1.1753,-0.6106,358.4591,1.9209,355.4069,0.0047,-0.0087,0.9998,0.5018,0.323,0,-0.0331,-0.0087,0.9995,0.502,358.0085,0,Player2Face,0.0136,1.2042,0.8515,0.0063,0.7948,-0.2805,348.1025,224.1243,336.4018,FingerCubeReady,Carpet,2436.17,0,0,Cube1,-0.4,0.89,0,0,2397.524,2388.3386212,0.018703193233635,0.5054,98.6833,47.3925,23.2577,29.7587,0
joint,5045,1,Responder,4,3,5,Initiator,1,1,3,2,1,0,-0.0155,1.1959,0.8375,6.5215,180.8765,356.2951,-0.0158,1.1942,0.8225,6.5104,181.0011,356.2589,1,-0.0339,0.0034,-0.0265,-0.381,-0.2147,0.8993,0.0288,0.0061,-0.0235,-0.4415,-0.2353,0.8658,-0.0132,1.2019,0.8467,0.4103,-0.2967,-0.8623,1,Cube3,0.3422,0.945,0.1,Cube3,8817341535,0.0019,0.7999,0.2928,345.9254,51.2667,344.9736,FingerCubeReady,TABLE_Folding,-0.0125,1.1753,-0.6106,358.4591,1.9209,355.4069,0.0047,-0.0087,0.9998,0.5018,0.323,0,-0.0331,-0.0087,0.9995,0.502,358.0085,0,Player2Face,0.0136,1.2042,0.8515,0.0063,0.7948,-0.2805,348.1025,224.1204,336.4041,FingerCubeReady,Carpet,2436.17,0,0,Cube1,-0.4,0.89,0,0,2397.535,2388.3494066,0.018703193233635,0.5054,98.6822,47.4454,23.3097,29.7981,0
joint,5045,1,Responder,4,3,5,Initiator,1,1,3,2,1,0,-0.0155,1.1959,0.8375,6.5135,180.8995,356.2699,-0.0157,1.1942,0.8225,6.5158,180.9632,356.3178,1,-0.0339,0.0034,-0.0265,-0.38,-0.2145,0.8997,0.0288,0.0061,-0.0235,-0.4408,-0.2356,0.8661,-0.0131,1.2019,0.8468,0.4099,-0.2973,-0.8623,1,Cube3,0.3419,0.9444,0.1,Cube3,8817358198,0.0019,0.7999,0.2928,345.9284,51.2697,344.9731,FingerCubeReady,TABLE_Folding,-0.0125,1.1753,-0.6107,358.4413,1.9314,355.3948,0.005,-0.0089,0.9998,0.5023,0.3082,0,-0.0336,-0.0089,0.9994,0.5023,358.0376,0,Player2Face,0.0137,1.2044,0.8516,0.0063,0.7948,-0.2805,348.1025,224.1204,336.4041,FingerCubeReady,Carpet,2436.181,0,0,Cube1,-0.4,0.89,0,0,2397.547,2388.3613544,0.018703193233635,0.5054,98.6797,47.4213,23.2851,29.7995,0
joint,5045,1,Responder,4,3,5,Initiator,1,1,3,2,1,0,-0.0156,1.1959,0.8376,6.5202,180.921,356.2771,-0.0156,1.1942,0.8225,6.5167,180.9469,356.3409,1,-0.0339,0.0034,-0.0265,-0.3802,-0.2143,0.8997,0.0288,0.0061,-0.0235,-0.4408,-0.2357,0.8661,-0.013,1.2019,0.8468,0.4102,-0.2975,-0.8621,1,Cube3,0.3422,0.9442,0.1,Cube3,8817366529,0.0019,0.7999,0.2928,345.9283,51.2695,344.9674,FingerCubeReady,TABLE_Folding,-0.0124,1.1752,-0.6107,358.4232,1.9327,355.4084,0.0066,-0.009,0.9998,0.5053,0.314,0,-0.0336,-0.009,0.9994,0.5051,358.0542,0,Player2Face,0.0148,1.2047,0.8518,0.0063,0.7947,-0.2805,348.0938,224.1243,336.3986,FingerCubeReady,Carpet,2436.193,0,0,Cube1,-0.4,0.89,0,0,2397.558,2388.3720973,0.018703193233635,0.5054,98.6809,47.4399,23.3046,29.8189,0
joint,5045,1,Responder,4,3,5,Initiator,1,1,3,2,1,0,-0.0155,1.1959,0.8375,6.5352,180.944,356.2787,-0.0156,1.1942,0.8225,6.5345,180.9124,356.3645,1,-0.0339,0.0034,-0.0265,-0.3797,-0.2146,0.8999,0.0288,0.0061,-0.0235,-0.4403,-0.2364,0.8662,-0.013,1.2019,0.8467,0.4101,-0.2985,-0.8618,1,Cube3,0.3423,0.9433,0.1,Cube3,8817383192,0.0019,0.7999,0.2928,345.924,51.2666,344.9661,FingerCubeReady,TABLE_Folding,-0.0125,1.1752,-0.6108,358.3892,1.9243,355.4393,0.0065,-0.0098,0.9998,0.5259,0.3425,0,-0.0333,-0.0098,0.9994,0.5245,358.0715,0,Player2Face,0.0147,1.2043,0.8519,0.0063,0.7948,-0.2805,348.0936,224.1277,336.3957,FingerCubeReady,Carpet,2436.214,0,0,Cube1,-0.4,0.89,0,0,2397.569,2388.3837075,0.018703193233635,0.5054,98.6836,47.4368,23.3,29.854,0
joint,5045,1,Responder,4,3,5,Initiator,1,1,3,2,1,0,-0.0155,1.1959,0.8376,6.558,180.9591,356.2916,-0.0155,1.1942,0.8225,6.5404,180.9062,356.3722,1,-0.0339,0.0034,-0.0265,-0.3791,-0.2143,0.9002,0.0288,0.0061,-0.0235,-0.4396,-0.2364,0.8665,-0.0129,1.2019,0.8468,0.4095,-0.2985,-0.8621,1,Cube3,0.3418,0.9433,0.1,Cube3,8817391524,0.0019,0.7999,0.2928,345.9151,51.269,344.9689,FingerCubeReady,TABLE_Folding,-0.0124,1.1752,-0.6108,358.3719,1.9174,355.4559,0.0067,-0.0101,0.9998,0.5417,0.3564,0,-0.0331,-0.0101,0.9994,0.5399,358.0805,0,Player2Face,0.0147,1.2043,0.8519,0.0063,0.7948,-0.2805,348.0914,224.136,336.3838,FingerCubeReady,Carpet,2436.225,0,0,Cube1,-0.4,0.89,0,0,2397.58,2388.3950622,0.018703193233635,0.5053,98.6826,47.4039,23.2675,29.8244,0
joint,5045,1,Responder,4,3,5,Initiator,1,1,3,2,1,0,-0.0156,1.196,0.8374,6.5765,180.9452,356.299,-0.0155,1.1942,0.8225,6.55,180.8996,356.3898,1,-0.0339,0.0034,-0.0265,-0.3783,-0.2143,0.9005,0.0288,0.0061,-0.0235,-0.4392,-0.2365,0.8667,-0.0129,1.2019,0.8468,0.409,-0.2989,-0.8622,1,Cube3,0.3413,0.943,0.1,Cube3,8817399855,0.0019,0.8,0.2928,345.907,51.2659,344.9676,FingerCubeReady,TABLE_Folding,-0.0124,1.1752,-0.6108,358.3648,1.9045,355.4784,0.0069,-0.0102,0.9998,0.5553,0.3683,0,-0.0329,-0.0102,0.9995,0.5533,358.0895,0,Player2Face,0.0147,1.2043,0.8519,0.0063,0.7949,-0.2806,348.0901,224.1448,336.3726,FingerCubeReady,Carpet,2436.236,0,0,Cube1,-0.4,0.89,0,0,2397.591,2388.4051977,0.018703193233635,0.5054,98.6859,47.3707,23.2334,29.8121,0
joint,5045,1,Responder,4,3,5,Initiator,1,1,3,2,1,0,-0.0156,1.196,0.8375,6.5765,180.9448,356.3022,-0.0155,1.1941,0.8225,6.5636,180.8921,356.4413,1,-0.0339,0.0034,-0.0266,-0.3777,-0.2142,0.9008,0.0288,0.006,-0.0235,-0.4389,-0.2367,0.8668,-0.0129,1.2019,0.8468,0.4085,-0.2996,-0.8622,1,Cube3,0.3409,0.9424,0.1,Cube3,8817416518,0.0019,0.8,0.2928,345.9044,51.2682,344.967,FingerCubeReady,TABLE_Folding,-0.0125,1.1752,-0.6108,358.3445,1.8896,355.4815,0.0072,-0.0105,0.9998,0.5689,0.3809,0,-0.0326,-0.0105,0.9995,0.5668,358.1002,0,Player2Face,0.0147,1.2043,0.8519,0.0063,0.7949,-0.2805,348.0919,224.1378,336.373,FingerCubeReady,Carpet,2436.247,0,0,Cube1,-0.4,0.89,0,0,2397.602,2388.4168609,0.018703193233635,0.5054,98.6853,47.3396,23.2012,29.8117,0
joint,5045,1,Responder,4,3,5,Initiator,1,1,3,2,1,0,-0.0156,1.1959,0.8374,6.5919,180.9138,356.3103,-0.0156,1.1941,0.8226,6.5651,180.8781,356.4409,1,-0.0339,0.0034,-0.0266,-0.3783,-0.2139,0.9007,0.0288,0.006,-0.0235,-0.4397,-0.2356,0.8667,-0.013,1.2018,0.8468,0.4093,-0.2988,-0.8621,1,Cube3,0.3416,0.9429,0.1,Cube3,8817424850,0.0019,0.8,0.2928,345.9005,51.2832,344.9594,FingerCubeReady,TABLE_Folding,-0.0125,1.1753,-0.6109,358.3533,1.8824,355.4916,0.0073,-0.0103,0.9998,0.5796,0.3936,0,-0.0325,-0.0103,0.9995,0.5778,358.1117,0,Player2Face,0.0147,1.2043,0.8519,0.0063,0.7948,-0.2805,348.0875,224.1357,336.3781,FingerCubeReady,Carpet,2436.258,0,0,Cube1,-0.4,0.89,0,0,2397.613,2388.4277786,0.018703193233635,0.5053,98.6784,47.3844,23.2491,29.8312,0
joint,5045,1,Responder,4,3,5,Initiator,1,1,3,2,1,0,-0.0155,1.1959,0.8375,6.5913,180.8871,356.319,-0.0156,1.1941,0.8226,6.5695,180.8711,356.4391,1,-0.0339,0.0034,-0.0266,-0.3777,-0.2136,0.9009,0.0288,0.006,-0.0235,-0.4398,-0.2356,0.8666,-0.013,1.2018,0.8469,0.4092,-0.2988,-0.8622,1,Cube3,0.3415,0.943,0.1,Cube3,8817433182,0.0019,0.8,0.2928,345.8927,51.2859,344.9579,FingerCubeReady,TABLE_Folding,-0.0125,1.1753,-0.6109,358.3499,1.8753,355.4936,0.0074,-0.0104,0.9998,0.586,0.4043,0,-0.0324,-0.0104,0.9995,0.5846,358.1219,0,Player2Face,0.0147,1.2043,0.8519,0.0063,0.7949,-0.2805,348.0856,224.1412,336.3751,FingerCubeReady,Carpet,2436.269,0,0,Cube1,-0.4,0.89,0,0,2397.625,2388.4394672,0.018703193233635,0.5053,98.6783,47.3748,23.2406,29.8227,0
joint,5045,1,Responder,4,3,5,Initiator,1,1,3,2,1,0,-0.0155,1.1959,0.8375,6.5779,180.8502,356.3099,-0.0156,1.1941,0.8226,6.5622,180.8585,356.425,1,-0.0339,0.0034,-0.0266,-0.3788,-0.2136,0.9005,0.0288,0.006,-0.0235,-0.4391,-0.2367,0.8667,-0.013,1.2018,0.8469,0.4096,-0.299,-0.8618,1,Cube3,0.342,0.9427,0.1,Cube3,8817449845,0.0019,0.8,0.2928,345.8804,51.2778,344.9564,FingerCubeReady,TABLE_Folding,-0.0126,1.1753,-0.6108,358.3586,1.8759,355.4809,0.0074,-0.0103,0.9998,0.5888,0.4127,0,-0.0324,-0.0103,0.9995,0.5879,358.1302,0,Player2Face,0.0147,1.2043,0.8519,0.0063,0.7949,-0.2805,348.0894,224.1466,336.3749,FingerCubeReady,Carpet,2436.281,0,0,Cube1,-0.4,0.89,0,0,2397.636,2388.4502364,0.018703193233635,0.5053,98.6867,47.4028,23.2688,29.8583,0
joint,5045,1,Responder,4,3,5,Initiator,1,1,3,2,1,0,-0.0155,1.1959,0.8375,6.5791,180.8156,356.3105,-0.0156,1.1941,0.8226,6.5622,180.8585,356.425,1,-0.0339,0.0034,-0.0266,-0.3788,-0.2136,0.9005,0.0288,0.006,-0.0235,-0.4391,-0.2367,0.8667,-0.013,1.2018,0.8469,0.4096,-0.299,-0.8618,1,Cube3,0.342,0.9427,0.1,Cube3,8817449845,0.0019,0.8,0.2928,345.8683,51.2837,344.9471,FingerCubeReady,TABLE_Folding,-0.0126,1.1753,-0.6108,358.347,1.8792,355.4425,0.0074,-0.0105,0.9998,0.591,0.4176,0,-0.0324,-0.0105,0.9995,0.5903,358.1351,0,Player2Face,0.0147,1.2043,0.8518,0.0063,0.7949,-0.2805,348.0875,224.1403,336.3777,FingerCubeReady,Carpet,2436.292,0,0,Cube1,-0.4,0.89,0,0,2397.647,2388.4616212,0.018703193233635,0.5053,98.6884,47.4028,23.2687,29.8586,0
joint,5045,1,Responder,4,3,5,Initiator,1,1,3,2,1,0,-0.0154,1.1959,0.8375,6.5615,180.7752,356.3288,-0.0156,1.1941,0.8226,6.5622,180.8585,356.425,1,-0.0339,0.0034,-0.0266,-0.3788,-0.2136,0.9005,0.0288,0.006,-0.0235,-0.4391,-0.2367,0.8667,-0.013,1.2018,0.8469,0.4096,-0.299,-0.8618,1,Cube3,0.342,0.9427,0.1,Cube3,8817449845,0.0019,0.8,0.2928,345.8683,51.2837,344.9471,FingerCubeReady,TABLE_Folding,-0.0126,1.1753,-0.6108,358.3494,1.8837,355.4379,0.0073,-0.0104,0.9998,0.5935,0.4195,0,-0.0325,-0.0104,0.9995,0.593,358.1372,0,Player2Face,0.0147,1.2043,0.8518,0.0063,0.7949,-0.2805,348.0867,224.1342,336.3784,FingerCubeReady,Carpet,2436.303,0,0,Cube1,-0.4,0.89,0,0,2397.656,2388.4709055,0.018703193233635,0.5053,98.6884,47.4028,23.2684,29.8596,0
joint,5045,1,Responder,4,3,5,Initiator,1,1,3,2,1,0,-0.0154,1.1959,0.8375,6.5488,180.7512,356.3388,-0.0156,1.1941,0.8226,6.5622,180.8585,356.425,1,-0.0339,0.0034,-0.0266,-0.3788,-0.2136,0.9005,0.0288,0.006,-0.0235,-0.4391,-0.2367,0.8667,-0.013,1.2018,0.8469,0.4096,-0.299,-0.8618,1,Cube3,0.342,0.9427,0.1,Cube3,8817449845,0.0019,0.8,0.2928,345.8582,51.2815,344.9401,FingerCubeReady,TABLE_Folding,-0.0126,1.1753,-0.6108,358.3494,1.8837,355.4379,0.0073,-0.0104,0.9998,0.5935,0.4195,0,-0.0325,-0.0104,0.9995,0.593,358.1372,0,Player2Face,0.0147,1.2043,0.8518,0.0063,0.7948,-0.2804,348.0792,224.1202,336.3905,FingerCubeReady,Carpet,2436.303,0,0,Cube1,-0.4,0.89,0,0,2397.667,2388.4823705,0.018703193233635,0.5053,98.6943,47.4028,23.2681,29.8596,0
joint,5045,1,Responder,4,3,5,Initiator,1,1,3,2,1,0,-0.0153,1.196,0.8376,6.5605,180.7293,356.3449,-0.0156,1.1941,0.8226,6.5622,180.8585,356.425,1,-0.0339,0.0034,-0.0266,-0.3788,-0.2136,0.9005,0.0288,0.006,-0.0235,-0.4391,-0.2367,0.8667,-0.013,1.2018,0.8469,0.4096,-0.299,-0.8618,1,Cube3,0.342,0.9427,0.1,Cube3,8817449845,0.0019,0.8,0.2928,345.8559,51.2784,344.9335,FingerCubeReady,TABLE_Folding,-0.0127,1.1753,-0.6108,358.3461,1.8724,355.4384,0.0049,-0.0108,0.9999,0.6001,0.3915,0,-0.0312,-0.0108,0.9995,0.5994,358.1517,0,Player2Face,0.0135,1.204,0.8516,0.0063,0.7948,-0.2804,348.0792,224.1202,336.3905,FingerCubeReady,Carpet,2436.316,0,0,Cube1,-0.4,0.89,0,0,2397.679,2388.4933032,0.018703193233635,0.5053,98.6992,47.4028,23.2681,29.8621,0
joint,5045,1,Responder,4,3,5,Initiator,1,1,3,2,1,0,-0.0152,1.196,0.8377,6.5597,180.7144,356.3434,-0.0156,1.1941,0.8226,6.5622,180.8585,356.425,1,-0.0339,0.0034,-0.0266,-0.3788,-0.2136,0.9005,0.0288,0.006,-0.0235,-0.4391,-0.2367,0.8667,-0.013,1.2018,0.8469,0.4096,-0.299,-0.8618,1,Cube3,0.342,0.9427,0.1,Cube3,8817449845,0.0019,0.8,0.2928,345.8362,51.2885,344.9285,FingerCubeReady,TABLE_Folding,-0.0128,1.1754,-0.6108,358.3563,1.8763,355.4529,0.0066,-0.0123,0.9998,0.6198,0.372,0,-0.0308,-0.0123,0.9995,0.618,358.1729,0,Player2Face,0.015,1.2015,0.8528,0.0063,0.7948,-0.2804,348.0786,224.1259,336.387,FingerCubeReady,Carpet,2436.327,0,0,Cube1,-0.4,0.89,0,0,2397.69,2388.5045296,0.018703193233635,0.5053,98.6971,47.4028,23.2683,29.8647,0
joint,5045,1,Responder,4,3,5,Initiator,1,1,3,2,1,0,-0.0153,1.1961,0.8377,6.5781,180.717,356.3353,-0.0156,1.1941,0.8226,6.5622,180.8585,356.425,1,-0.0339,0.0034,-0.0266,-0.3788,-0.2136,0.9005,0.0288,0.006,-0.0235,-0.4391,-0.2367,0.8667,-0.013,1.2018,0.8469,0.4096,-0.299,-0.8618,1,Cube3,0.342,0.9427,0.1,Cube3,8817449845,0.0019,0.8,0.2928,345.8265,51.2943,344.9157,FingerCubeReady,TABLE_Folding,-0.0127,1.1755,-0.6106,358.3744,1.8694,355.451,0.0069,-0.0114,0.9998,0.638,0.3717,0,-0.0308,-0.0114,0.9995,0.636,358.1942,0,Player2Face,0.0152,1.2023,0.8526,0.0063,0.7948,-0.2804,348.0776,224.1229,336.3858,FingerCubeReady,Carpet,2436.338,0,0,Cube1,-0.4,0.89,0,0,2397.701,2388.5158179,0.018703193233635,0.5053,98.6978,47.4028,23.2675,29.8647,0
joint,5045,1,Responder,4,3,5,Initiator,1,1,3,2,1,0,-0.0153,1.1959,0.8376,6.5813,180.7278,356.332,-0.0156,1.1941,0.8226,6.5622,180.8585,356.425,1,-0.0339,0.0034,-0.0266,-0.3788,-0.2136,0.9005,0.0288,0.006,-0.0235,-0.4391,-0.2367,0.8667,-0.013,1.2018,0.8469,0.4096,-0.299,-0.8618,1,Cube3,0.342,0.9427,0.1,Cube3,8817449845,0.0019,0.8,0.2928,345.8337,51.3051,344.9046,FingerCubeReady,TABLE_Folding,-0.0128,1.1756,-0.6107,358.3799,1.87,355.4745,0.0065,-0.0116,0.9998,0.6479,0.3745,0,-0.0308,-0.0116,0.9995,0.6463,358.2098,0,Player2Face,0.0148,1.2019,0.8526,0.0063,0.7949,-0.2805,348.0795,224.1368,336.3787,FingerCubeReady,Carpet,2436.349,0,0,Cube1,-0.4,0.89,0,0,2397.712,2388.526695,0.018703193233635,0.5053,98.6911,47.4028,23.2683,29.8713,0
joint,5045,1,Responder,4,3,5,Initiator,1,1,3,2,1,0,-0.0154,1.1959,0.8376,6.5864,180.7357,356.347,-0.0156,1.1941,0.8226,6.5622,180.8585,356.425,1,-0.0339,0.0034,-0.0266,-0.3788,-0.2136,0.9005,0.0288,0.006,-0.0235,-0.4391,-0.2367,0.8667,-0.013,1.2018,0.8469,0.4096,-0.299,-0.8618,1,Cube3,0.342,0.9427,0.1,Cube3,8817449845,0.0019,0.8,0.2928,345.8328,51.3082,344.9019,FingerCubeReady,TABLE_Folding,-0.0128,1.1756,-0.6107,358.3882,1.8687,355.489,0.004,-0.0109,0.9998,0.6481,0.3519,0,-0.031,-0.0109,0.9995,0.6472,358.2177,0,Player2Face,0.0129,1.2027,0.8519,0.0063,0.7949,-0.2805,348.08,224.1403,336.3747,FingerCubeReady,Carpet,2436.36,0,0,Cube1,-0.4,0.89,0,0,2397.724,2388.5383757,0.018703193233635,0.5053,98.6892,47.4028,23.2681,29.8718,0
joint,5045,1,Responder,4,3,5,Initiator,1,1,3,2,1,0,-0.0154,1.1959,0.8377,6.574,180.7522,356.3541,-0.0156,1.1941,0.8226,6.5622,180.8585,356.425,1,-0.0339,0.0034,-0.0266,-0.3788,-0.2136,0.9005,0.0288,0.006,-0.0235,-0.4391,-0.2367,0.8667,-0.013,1.2018,0.8469,0.4096,-0.299,-0.8618,1,Cube3,0.342,0.9427,0.1,Cube3,8817449845,0.0019,0.8,0.2928,345.8206,51.304,344.9014,FingerCubeReady,TABLE_Folding,-0.0129,1.1756,-0.6107,358.3846,1.8708,355.4934,0.0039,-0.0109,0.9998,0.6414,0.3121,0,-0.0309,-0.0109,0.9995,0.6414,358.2218,0,Player2Face,0.013,1.2029,0.8518,0.0063,0.7949,-0.2805,348.0811,224.145,336.37,FingerCubeReady,Carpet,2436.372,0,0,Cube1,-0.4,0.89,0,0,2397.735,2388.5493631,0.018703193233635,0.5053,98.6952,47.4028,23.2686,29.8723,0
joint,5045,1,Responder,4,3,5,Initiator,1,1,3,2,1,0,-0.0155,1.1959,0.8376,6.5818,180.773,356.349,-0.0158,1.1943,0.8226,6.5765,180.9449,356.3012,1,-0.0339,0.0034,-0.0265,-0.3764,-0.2133,0.9016,0.0289,0.006,-0.0235,-0.4385,-0.2334,0.8679,-0.0132,1.202,0.8468,0.4071,-0.2968,-0.8638,1,Cube3,0.3387,0.9454,0.1,Cube3,8817558154,0.0019,0.8,0.2928,345.8207,51.3058,344.8992,FingerCubeReady,TABLE_Folding,-0.0129,1.1755,-0.6106,358.3933,1.8653,355.4899,0.0036,-0.0104,0.9998,0.6302,0.2753,0,-0.0309,-0.0104,0.9995,0.6309,358.2245,0,Player2Face,0.0126,1.2033,0.8518,0.0063,0.795,-0.2805,348.0852,224.1589,336.354,FingerCubeReady,TABLE_Folding,2436.383,0,0,Cube1,-0.4,0.89,0,0,2397.746,2388.5605855,0.018703193233635,0.5053,98.6936,47.2387,23.1056,29.6393,0
joint,5045,1,Responder,4,3,5,Initiator,1,1,3,2,1,0,-0.0155,1.1959,0.8376,6.5942,180.7949,356.3394,-0.0158,1.1942,0.8226,6.5832,180.9314,356.3057,1,-0.0339,0.0034,-0.0264,-0.383,-0.2118,0.8991,0.0289,0.006,-0.0234,-0.4481,-0.2305,0.8638,-0.0132,1.2019,0.8467,0.4153,-0.2939,-0.8609,1,Cube3,0.3469,0.947,0.1,Cube3,8817566486,0.0019,0.8,0.2928,345.8149,51.315,344.8985,FingerCubeReady,TABLE_Folding,-0.0129,1.1755,-0.6106,358.4058,1.8769,355.4919,0.0037,-0.0104,0.9998,0.6185,0.2493,0,-0.0305,-0.0104,0.9995,0.6196,358.2302,0,Player2Face,0.0133,1.2031,0.8521,0.0063,0.795,-0.2806,348.0881,224.1722,336.344,FingerCubeReady,Carpet,2436.394,0,0,Cube1,-0.4,0.89,0,0,2397.759,2388.5738548,0.018703193233635,0.5053,98.6874,47.7575,23.6229,29.9815,0
joint,5045,1,Responder,4,3,5,Initiator,1,1,3,2,1,0,-0.0155,1.1959,0.8376,6.5909,180.811,356.2937,-0.0158,1.1942,0.8226,6.5913,180.8899,356.3181,1,-0.0335,0.0031,-0.0251,-0.3117,-0.2105,0.9265,0.0294,0.0061,-0.0232,-0.3532,-0.2326,0.9062,-0.0137,1.2017,0.846,0.3323,-0.3038,-0.8929,1,Cube3,0.3,0.9149,0.003,Cube3,8817583149,0.0019,0.7999,0.2928,345.8233,51.332,344.8971,FingerCubeReady,TABLE_Folding,-0.0131,1.1754,-0.6107,358.4175,1.8486,355.5067,0.0041,-0.0107,0.9998,0.6043,0.2326,0,-0.0301,-0.0107,0.9995,0.6051,358.2365,0,Player2Face,0.013,1.2024,0.8522,0.0063,0.795,-0.2806,348.0839,224.1668,336.355,FingerCubeReady,TABLE_Folding,2436.416,0,0,Cube1,-0.4,0.89,0,0,2397.77,2388.5844808,0.018703193233635,0.5053,98.6721,42.6223,18.4786,26.0487,0
joint,5045,1,Responder,4,3,5,Initiator,1,1,3,2,1,0,-0.0155,1.196,0.8377,6.59,180.8471,356.2927,-0.0157,1.1942,0.8226,6.5825,180.8628,356.313,1,-0.0332,0.0032,-0.025,-0.2686,-0.1991,0.9424,0.0298,0.0061,-0.0233,-0.2753,-0.2272,0.9341,-0.014,1.2017,0.846,0.2714,-0.3015,-0.914,1,TABLE_Folding,0.352,0.795,-0.3868,Cube3,8817591480,0.0019,0.7999,0.2927,345.8145,51.3436,344.8986,FingerCubeReady,TABLE_Folding,-0.013,1.1753,-0.6106,358.4188,1.8421,355.4991,0.004,-0.0099,0.9999,0.5989,0.2315,0,-0.0294,-0.0099,0.9996,0.5997,358.2529,0,Player2Face,0.0134,1.2034,0.852,0.0063,0.795,-0.2806,348.0871,224.169,336.3502,FingerCubeReady,TABLE_Folding,2436.427,0,0,Cube1,-0.4,0.89,0,0,2397.781,2388.595882,0.018703193233635,0.5053,98.6643,38.9709,14.8585,23.1438,0
joint,5045,1,Responder,4,3,5,Initiator,1,1,3,2,1,0,-0.0156,1.196,0.8376,6.5849,180.8771,356.2761,-0.0157,1.1942,0.8226,6.5784,180.8361,356.3102,1,-0.0329,0.0032,-0.0248,-0.2071,-0.1947,0.9588,0.0301,0.0062,-0.0234,-0.2217,-0.2157,0.9509,-0.0143,1.2017,0.846,0.2136,-0.2991,-0.93,1,TABLE_Folding,0.2761,0.795,-0.4184,Player1LowerArm,8817599812,0.0019,0.7999,0.2927,345.8076,51.3465,344.9069,FingerCubeReady,TABLE_Folding,-0.013,1.1753,-0.6106,358.4188,1.8421,355.4991,0.004,-0.0099,0.9999,0.5989,0.2315,0,-0.0294,-0.0099,0.9996,0.5997,358.2529,0,Player2Face,0.0134,1.2034,0.852,0.0063,0.795,-0.2806,348.0817,224.1677,336.3472,FingerCubeReady,TABLE_Folding,2436.427,0,0,Cube1,-0.4,0.89,0,0,2397.792,2388.6071185,0.018703193233635,0.5053,98.6611,35.5742,11.5252,20.6989,0
joint,5045,1,Responder,4,3,5,Initiator,1,1,3,2,1,0,-0.0156,1.196,0.8376,6.5922,180.9106,356.2651,-0.0156,1.1942,0.8226,6.5608,180.7738,356.3293,1,-0.0324,0.0034,-0.0253,-0.1066,-0.1912,0.9757,0.0306,0.0067,-0.0247,-0.1098,-0.2007,0.9735,-0.0147,1.2021,0.8469,0.1077,-0.2988,-0.9482,1,Cube2,0.0701,0.9668,0.1,Cube2,8817616475,0.0019,0.7999,0.2927,345.8009,51.3376,344.9005,FingerCubeReady,TABLE_Folding,-0.013,1.1753,-0.6105,358.4324,1.8302,355.493,0.0049,-0.0091,0.9999,0.5812,0.2393,0,-0.0291,-0.0091,0.9996,0.5827,358.2768,0,Player2Face,0.014,1.2042,0.8519,0.0063,0.795,-0.2806,348.0817,224.1677,336.3472,FingerCubeReady,TABLE_Folding,2436.439,0,0,Cube1,-0.4,0.89,0,0,2397.803,2388.6181107,0.018703193233635,0.5053,98.673,29.4212,5.6894,17.5068,0
joint,5045,1,Responder,4,3,5,Initiator,1,1,3,2,1,0,-0.0156,1.196,0.8377,6.6066,180.9536,356.2613,-0.0156,1.1942,0.8226,6.5515,180.7564,356.3366,1,-0.0322,0.0036,-0.0257,-0.0594,-0.1892,0.9801,0.0308,0.0068,-0.0249,-0.0638,-0.1919,0.9793,-0.0149,1.2022,0.8471,0.0611,-0.2968,-0.953,1,Cube2,0.033,0.9696,0.1,Cube2,8817624807,0.0019,0.7999,0.2927,345.7918,51.3407,344.9081,FingerCubeReady,TABLE_Folding,-0.013,1.1752,-0.6105,358.446,1.8182,355.5015,0.0043,-0.0088,0.9999,0.5368,0.2487,0,-0.0291,-0.0088,0.9996,0.5392,358.3073,0,Player2Face,0.0132,1.2044,0.8516,0.0063,0.795,-0.2806,348.0812,224.1722,336.349,FingerCubeReady,TABLE_Folding,2436.461,0,0,Cube1,-0.4,0.89,0,0,2397.815,2388.629405,0.018703193233635,0.5053,98.6702,26.7579,3.5691,16.5833,0
joint,5045,1,Responder,4,3,5,Initiator,1,1,3,2,1,0,-0.0156,1.196,0.8376,6.6264,180.9961,356.2629,-0.0155,1.1942,0.8226,6.555,180.7395,356.3421,1,-0.0321,0.0036,-0.0257,-0.0272,-0.1886,0.9817,0.031,0.0068,-0.0247,-0.037,-0.1962,0.9799,-0.015,1.2023,0.8471,0.032,-0.3007,-0.9532,1,Cube2,0.0101,0.9667,0.1,Cube2,8817633138,0.0019,0.8,0.2927,345.7876,51.3367,344.9072,FingerCubeReady,TABLE_Folding,-0.013,1.1753,-0.6104,358.4626,1.8096,355.5052,0.0045,-0.0088,0.9999,0.5232,0.2506,0,-0.0288,-0.0088,0.9996,0.5253,358.3195,0,Player2Face,0.0134,1.204,0.8518,0.0063,0.795,-0.2806,348.0793,224.1878,336.334,FingerCubeReady,TABLE_Folding,2436.472,0,0,Cube1,-0.4,0.89,0,0,2397.826,2388.6410794,0.018703193233635,0.5053,98.6747,25.0719,2.4884,16.5349,0
joint,5045,1,Responder,4,3,5,Initiator,1,1,3,2,1,0,-0.0156,1.196,0.8376,6.632,181.0298,356.258,-0.0154,1.1943,0.8228,6.5603,180.7145,356.3431,1,-0.0319,0.0036,-0.0255,0.0172,-0.1831,0.9829,0.0311,0.0069,-0.0252,-0.0087,-0.1828,0.9831,-0.0151,1.2024,0.8473,-0.0045,-0.294,-0.9558,1,Cube2,-0.0186,0.9726,0.1,Cube2,8817649801,0.0019,0.8,0.2928,345.7523,51.3105,344.9116,FingerCubeReady,TABLE_Folding,-0.013,1.1753,-0.6104,358.4626,1.8096,355.5052,0.0045,-0.0088,0.9999,0.5232,0.2506,0,-0.0288,-0.0088,0.9996,0.5253,358.3195,0,Player2Face,0.0134,1.204,0.8518,0.0063,0.795,-0.2806,348.0695,224.1806,336.3344,FingerCubeReady,TABLE_Folding,2436.472,0,0,Cube1,-0.4,0.89,0,0,2397.837,2388.6513715,0.018703193233635,0.5053,98.7023,23.0302,3.0466,16.031,0
joint,5045,1,Responder,4,3,5,Initiator,1,1,3,2,1,0,-0.0158,1.1959,0.8375,6.6418,181.0708,356.2159,-0.0154,1.1943,0.8228,6.5739,180.7164,356.3371,1,-0.0319,0.0036,-0.0254,0.0285,-0.1822,0.9828,0.0312,0.0069,-0.0252,-0.002,-0.1747,0.9846,-0.0151,1.2024,0.8473,-0.0138,-0.2904,-0.9568,1,Cube2,-0.0259,0.9756,0.1,Cube2,8817658133,0.0019,0.8,0.2928,345.7546,51.2918,344.9123,FingerCubeReady,TABLE_Folding,-0.0129,1.1752,-0.6104,358.4595,1.8195,355.5006,0.0048,-0.0087,0.9999,0.514,0.2558,0,-0.029,-0.0087,0.9996,0.5156,358.3291,0,Player2Face,0.0137,1.2043,0.8518,0.0063,0.795,-0.2806,348.0695,224.1806,336.3344,FingerCubeReady,TABLE_Folding,2436.483,0,0,Cube1,-0.4,0.89,0,0,2397.849,2388.6637992,0.018703193233635,0.5053,98.7161,22.5292,3.4875,15.8359,0
joint,5045,1,Responder,4,3,5,Initiator,1,1,3,2,1,0,-0.0159,1.1959,0.8374,6.6504,181.1057,356.1948,-0.0155,1.1943,0.8228,6.5798,180.7227,356.3335,1,-0.0318,0.0036,-0.0256,0.0322,-0.1828,0.9826,0.0312,0.0069,-0.0251,-0.0052,-0.1704,0.9854,-0.0152,1.2024,0.8474,-0.0142,-0.2887,-0.9573,1,Cube2,-0.0263,0.977,0.1,Cube2,8817666464,0.0019,0.8,0.2928,345.7554,51.298,344.9074,FingerCubeReady,TABLE_Folding,-0.013,1.1751,-0.6104,358.4449,1.8215,355.5092,0.0049,-0.0091,0.9999,0.5095,0.2689,0,-0.0291,-0.0091,0.9996,0.51,358.3419,0,Player2Face,0.0136,1.2041,0.8518,0.0063,0.795,-0.2806,348.0736,224.1798,336.3279,FingerCubeReady,TABLE_Folding,2436.506,0,0,Cube1,-0.4,0.89,0,0,2397.859,2388.6740447,0.018703193233635,0.5053,98.7124,22.5126,3.5826,15.7377,0
joint,5045,1,Responder,4,3,5,Initiator,1,1,3,2,1,0,-0.0159,1.1959,0.8374,6.6538,181.1532,356.1676,-0.0155,1.1942,0.8227,6.5863,180.7356,356.3467,1,-0.0318,0.0036,-0.0255,0.032,-0.1786,0.9834,0.0311,0.0069,-0.0252,-0.0175,-0.1654,0.9861,-0.0153,1.2023,0.8474,-0.0086,-0.284,-0.9588,1,Cube2,-0.0219,0.9809,0.1,Cube2,8817683127,0.0019,0.8,0.2928,345.7478,51.2875,344.9092,FingerCubeReady,TABLE_Folding,-0.013,1.1752,-0.6105,358.45,1.8248,355.5145,0.0238,-0.0059,0.9997,0.4846,0.4413,0,-0.0179,-0.0059,0.9998,0.4842,358.4423,0,Player2Face,0.0365,1.2071,0.8595,0.0063,0.7952,-0.2806,348.0927,224.2083,336.2927,FingerCubeReady,TABLE_Folding,2436.517,0,0,Cube1,-0.4,0.89,0,0,2397.87,2388.6849023,0.018703193233635,0.5053,98.7212,22.8744,3.6746,15.4454,0
joint,5045,1,Responder,4,3,5,Initiator,1,1,3,2,1,0,-0.016,1.1958,0.8374,6.6616,181.1857,356.1423,-0.0156,1.1942,0.8228,6.5772,180.748,356.3523,1,-0.0318,0.0036,-0.0255,0.0367,-0.181,0.9828,0.0311,0.0069,-0.0252,-0.0177,-0.1699,0.9853,-0.0153,1.2023,0.8474,-0.0108,-0.2874,-0.9578,1,Cube2,-0.0237,0.9781,0.1,Cube2,8817691459,0.0019,0.8,0.2928,345.7493,51.2974,344.912,FingerCubeReady,TABLE_Folding,-0.013,1.1752,-0.6105,358.45,1.8248,355.5145,0.0238,-0.0059,0.9997,0.4846,0.4413,0,-0.0179,-0.0059,0.9998,0.4842,358.4423,0,Player2Face,0.0365,1.2071,0.8595,0.0063,0.7953,-0.2807,348.0923,224.2124,336.2785,FingerCubeReady,TABLE_Folding,2436.517,0,0,Cube1,-0.4,0.89,0,0,2397.881,2388.6963665,0.018703193233635,0.5053,98.7123,22.7155,3.5471,15.6509,0
joint,5045,1,Responder,4,3,5,Initiator,1,1,3,2,1,0,-0.0161,1.1958,0.8373,6.6698,181.2023,356.1428,-0.0156,1.1942,0.8228,6.5778,180.7625,356.3516,1,-0.0318,0.0035,-0.0255,0.0367,-0.1788,0.9832,0.0311,0.0069,-0.0252,-0.0176,-0.1696,0.9854,-0.0153,1.2023,0.8473,-0.0112,-0.2862,-0.9581,1,Cube2,-0.0241,0.9791,0.1,Cube2,8817699790,0.0019,0.8,0.2928,345.7515,51.3071,344.9127,FingerCubeReady,TABLE_Folding,-0.013,1.1752,-0.6105,358.4424,1.8196,355.5148,0.0168,-0.0061,0.9998,0.4426,0.6563,0,-0.0241,-0.0061,0.9997,0.4421,358.5479,0,Player2Face,0.0264,1.2077,0.8548,0.0063,0.7953,-0.2807,348.0923,224.2124,336.2785,FingerCubeReady,TABLE_Folding,2436.528,0,0,Cube1,-0.4,0.89,0,0,2397.893,2388.7075435,0.018703193233635,0.5053,98.7041,22.702,3.6199,15.5838,0
joint,5045,1,Responder,4,3,5,Initiator,1,1,3,2,1,0,-0.0161,1.1958,0.8372,6.6726,181.2274,356.1322,-0.0157,1.1942,0.8227,6.592,180.7911,356.3411,1,-0.0318,0.0035,-0.0254,0.0329,-0.1737,0.9843,0.0311,0.0068,-0.0252,-0.0191,-0.1716,0.985,-0.0154,1.2022,0.8472,-0.0091,-0.2847,-0.9586,1,Cube2,-0.0225,0.9803,0.1,Cube2,8817716453,0.0019,0.8,0.2927,345.7726,51.3329,344.9039,FingerCubeReady,TABLE_Folding,-0.0131,1.1753,-0.6105,358.417,1.8308,355.5322,0.0164,-0.0121,0.9996,0.4651,0.8361,0,-0.0248,-0.0121,0.9997,0.4632,358.5437,0,Player2Face,0.0251,1.1994,0.8566,0.0063,0.7953,-0.2807,348.0907,224.2047,336.2851,FingerCubeReady,TABLE_Folding,2436.55,0,0,Cube1,-0.4,0.89,0,0,2397.905,2388.7196102,0.018703193233635,0.5053,98.6822,22.835,3.6475,15.4942,0
joint,5045,1,Responder,4,3,5,Initiator,1,1,3,2,1,0,-0.0162,1.1958,0.8372,6.6783,181.2307,356.108,-0.0157,1.1942,0.8227,6.5923,180.804,356.3135,1,-0.0318,0.0035,-0.0254,0.0428,-0.182,0.9824,0.0311,0.0068,-0.0252,-0.0204,-0.172,0.9849,-0.0154,1.2022,0.8473,-0.0132,-0.2892,-0.9572,1,Cube2,-0.0257,0.9764,0.1,Cube2,8817724785,0.0019,0.8,0.2927,345.7807,51.3443,344.8976,FingerCubeReady,TABLE_Folding,-0.0131,1.1753,-0.6105,358.417,1.8308,355.5322,0.0164,-0.0121,0.9996,0.4651,0.8361,0,-0.0248,-0.0121,0.9997,0.4632,358.5437,0,Player2Face,0.0251,1.1994,0.8566,0.0063,0.7952,-0.2807,348.0954,224.2031,336.3016,FingerCubeReady,TABLE_Folding,2436.55,0,0,Cube1,-0.4,0.89,0,0,2397.915,2388.7294202,0.018703193233635,0.5053,98.6741,22.5606,3.5171,15.7762,0
joint,5045,1,Responder,4,3,5,Initiator,1,1,3,2,1,0,-0.0162,1.1958,0.8371,6.6688,181.2394,356.0901,-0.0157,1.1942,0.8228,6.5906,180.8228,356.2934,1,-0.0318,0.0035,-0.0254,0.0386,-0.1766,0.9835,0.0311,0.0068,-0.0252,-0.0198,-0.1735,0.9846,-0.0154,1.2022,0.8473,-0.0118,-0.2872,-0.9578,1,Cube2,-0.0246,0.9782,0.1,Cube2,8817733116,0.0019,0.8,0.2927,345.7787,51.341,344.8974,FingerCubeReady,TABLE_Folding,-0.0131,1.1753,-0.6105,358.3955,1.8193,355.5456,0.0187,-0.0127,0.9996,0.5397,0.9004,0,-0.0248,-0.0127,0.9997,0.5369,358.5493,0,Player2Face,0.0265,1.1989,0.8573,0.0063,0.7952,-0.2807,348.0954,224.2031,336.3016,FingerCubeReady,TABLE_Folding,2436.562,0,0,Cube1,-0.4,0.89,0,0,2397.926,2388.7405921,0.018703193233635,0.5053,98.6779,22.6577,3.5835,15.6496,0
joint,5045,1,Responder,4,3,5,Initiator,1,1,3,2,1,0,-0.0162,1.1958,0.8371,6.6619,181.2432,356.0738,-0.0158,1.1943,0.8227,6.5859,180.8711,356.2794,1,-0.0318,0.0035,-0.0254,0.0411,-0.176,0.9835,0.0311,0.0068,-0.0252,-0.022,-0.1711,0.985,-0.0154,1.2023,0.8473,-0.0128,-0.2857,-0.9582,1,Cube2,-0.0254,0.9795,0.1,Cube2,8817749779,0.0019,0.8,0.2927,345.7741,51.3357,344.8938,FingerCubeReady,TABLE_Folding,-0.0131,1.1753,-0.6105,358.3906,1.8163,355.5121,0.0209,-0.013,0.9995,0.6096,0.9814,0,-0.0243,-0.013,0.9997,0.6069,358.563,0,Player2Face,0.0284,1.1984,0.8582,0.0063,0.7952,-0.2807,348.0932,224.196,336.305,FingerCubeReady,TABLE_Folding,2436.573,0,0,Cube1,-0.4,0.89,0,0,2397.937,2388.7515478,0.018703193233635,0.5053,98.6841,22.6112,3.6927,15.5628,0
joint,5045,1,Responder,4,3,5,Initiator,1,1,3,2,1,0,-0.0162,1.1958,0.8372,6.6554,181.2372,356.08,-0.0158,1.1943,0.8227,6.589,180.8956,356.27,1,-0.0318,0.0035,-0.0254,0.0397,-0.1733,0.9841,0.0311,0.0068,-0.0252,-0.0219,-0.1706,0.9851,-0.0154,1.2023,0.8472,-0.0127,-0.2842,-0.9587,1,Cube2,-0.0253,0.9808,0.1,Cube2,8817758111,0.0019,0.8,0.2928,345.7659,51.3261,344.8955,FingerCubeReady,TABLE_Folding,-0.0129,1.1752,-0.6106,358.3864,1.8185,355.5,0.0176,-0.0125,0.9996,0.6554,1.0261,0,-0.0247,-0.0125,0.9997,0.6531,358.574,0,Player2Face,0.0258,1.1995,0.8567,0.0063,0.7953,-0.2807,348.0971,224.1985,336.2939,FingerCubeReady,TABLE_Folding,2436.584,0,0,Cube1,-0.4,0.89,0,0,2397.948,2388.7630534,0.018703193233635,0.5053,98.6925,22.6319,3.7676,15.469,0
joint,5045,1,Responder,4,3,5,Initiator,1,1,3,2,1,0,-0.0162,1.1958,0.8372,6.644,181.2243,356.0762,-0.0159,1.1942,0.8228,6.5966,180.9236,356.2639,1,-0.0318,0.0035,-0.0253,0.0385,-0.1728,0.9842,0.0311,0.0068,-0.0252,-0.0222,-0.1698,0.9852,-0.0155,1.2023,0.8472,-0.0124,-0.2836,-0.9589,1,Cube2,-0.0252,0.9813,0.1,Cube2,8817766443,0.0019,0.8,0.2928,345.7668,51.322,344.8953,FingerCubeReady,TABLE_Folding,-0.013,1.1752,-0.6106,358.376,1.8206,355.4833,0.0169,-0.0128,0.9996,0.6859,1.0267,0,-0.0244,-0.0128,0.9997,0.6842,358.5822,0,Player2Face,0.0255,1.1993,0.8566,0.0063,0.7954,-0.2807,348.0999,224.1928,336.296,FingerCubeReady,TABLE_Folding,2436.595,0,0,Cube1,-0.4,0.89,0,0,2397.96,2388.7742626,0.018703193233635,0.5053,98.6958,22.6507,3.7913,15.4344,0
joint,5045,1,Responder,4,3,5,Initiator,1,1,3,2,1,0,-0.0162,1.1958,0.8372,6.657,181.2209,356.0783,-0.0159,1.1943,0.8227,6.6215,180.9856,356.2625,1,-0.0318,0.0034,-0.0253,0.0396,-0.1761,0.9836,0.0311,0.0068,-0.0252,-0.0224,-0.1699,0.9852,-0.0155,1.2023,0.8472,-0.0138,-0.2857,-0.9582,1,Cube2,-0.0263,0.9795,0.1,Cube2,8817783106,0.0019,0.8,0.2928,345.7661,51.3167,344.891,FingerCubeReady,TABLE_Folding,-0.0129,1.1753,-0.6105,358.3639,1.8065,355.503,0.0168,-0.0141,0.9996,0.7347,0.9897,0,-0.0234,-0.0141,0.9997,0.7334,358.6164,0,Player2Face,0.0257,1.1976,0.8572,0.0063,0.7954,-0.2807,348.0987,224.1974,336.2887,FingerCubeReady,TABLE_Folding,2436.617,0,0,Cube1,-0.4,0.89,0,0,2397.971,2388.7857372,0.018703193233635,0.5053,98.701,22.5532,3.7184,15.563,0
joint,5045,1,Responder,4,3,5,Initiator,1,1,3,2,1,0,-0.0162,1.1958,0.8372,6.6525,181.2242,356.0884,-0.0159,1.1943,0.8227,6.6293,181.0139,356.2603,1,-0.0318,0.0034,-0.0253,0.0399,-0.1764,0.9835,0.0311,0.0068,-0.0252,-0.0222,-0.1693,0.9853,-0.0155,1.2023,0.8472,-0.0145,-0.2857,-0.9582,1,Cube2,-0.0268,0.9795,0.1,Cube2,8817791437,0.0019,0.8,0.2928,345.7589,51.321,344.8783,FingerCubeReady,TABLE_Folding,-0.0129,1.1753,-0.6105,358.3639,1.8065,355.503,0.0168,-0.0141,0.9996,0.7347,0.9897,0,-0.0234,-0.0141,0.9997,0.7334,358.6164,0,Player2Face,0.0257,1.1976,0.8572,0.0063,0.7954,-0.2807,348.0977,224.1859,336.3002,FingerCubeReady,TABLE_Folding,2436.617,0,0,Cube1,-0.4,0.89,0,0,2397.982,2388.7971841,0.018703193233635,0.5053,98.7038,22.515,3.7382,15.5692,0
joint,5045,1,Responder,4,3,5,Initiator,1,1,3,2,1,0,-0.0162,1.1958,0.8371,6.6575,181.2282,356.1046,-0.0159,1.1942,0.8226,6.6347,181.0413,356.2462,1,-0.0318,0.0034,-0.0253,0.0401,-0.1775,0.9833,0.0311,0.0068,-0.0252,-0.0221,-0.1696,0.9853,-0.0155,1.2023,0.8471,-0.0151,-0.2865,-0.958,1,Cube2,-0.0272,0.9789,0.1,Cube2,8817799769,0.0019,0.8,0.2928,345.7646,51.3282,344.8759,FingerCubeReady,TABLE_Folding,-0.0129,1.1753,-0.6105,358.3628,1.7986,355.5193,0.0162,-0.0145,0.9996,0.7639,0.9722,0,-0.0222,-0.0145,0.9997,0.7627,358.6429,0,Player2Face,0.0259,1.1969,0.8575,0.0063,0.7954,-0.2807,348.0977,224.1859,336.3002,FingerCubeReady,TABLE_Folding,2436.629,0,0,Cube1,-0.4,0.89,0,0,2397.993,2388.8074373,0.018703193233635,0.5053,98.6978,22.4777,3.7165,15.6166,0
joint,5045,1,Responder,4,3,5,Initiator,1,1,3,2,1,0,-0.0162,1.1958,0.8371,6.6556,181.2162,356.1208,-0.0161,1.1942,0.8225,6.6482,181.0971,356.2,1,-0.0318,0.0034,-0.0253,0.0396,-0.1774,0.9833,0.0311,0.0068,-0.0252,-0.0218,-0.1698,0.9852,-0.0157,1.2022,0.847,-0.0157,-0.2868,-0.9579,1,Cube2,-0.0279,0.9785,0.1,Cube2,8817816432,0.0019,0.8,0.2928,345.7675,51.3378,344.8707,FingerCubeReady,TABLE_Folding,-0.013,1.1753,-0.6106,358.3734,1.7957,355.5287,0.0155,-0.0148,0.9997,0.7918,0.9494,0,-0.022,-0.0148,0.9997,0.7907,358.6732,0,Player2Face,0.0254,1.1962,0.8575,0.0063,0.7953,-0.2807,348.0962,224.1827,336.3054,FingerCubeReady,TABLE_Folding,2436.64,0,0,Cube1,-0.4,0.89,0,0,2398.004,2388.8189371,0.018703193233635,0.5053,98.6912,22.4297,3.724,15.6406,0
joint,5045,1,Responder,4,3,5,Initiator,1,1,3,2,1,0,-0.0161,1.1958,0.8371,6.661,181.2172,356.1348,-0.0162,1.1942,0.8225,6.6522,181.1311,356.1803,1,-0.0318,0.0034,-0.0253,0.0395,-0.1773,0.9834,0.0311,0.0068,-0.0252,-0.0221,-0.1698,0.9852,-0.0157,1.2022,0.847,-0.016,-0.2867,-0.9579,1,Cube2,-0.0282,0.9786,0.1,Cube2,8817824763,0.0019,0.8,0.2927,345.7789,51.3555,344.868,FingerCubeReady,TABLE_Folding,-0.013,1.1754,-0.6108,358.3718,1.7844,355.534,0.0159,-0.0145,0.9997,0.8098,0.9325,0,-0.0256,-0.0145,0.9996,0.8089,358.6663,0,Player2Face,0.0227,1.1969,0.8563,0.0063,0.7954,-0.2807,348.1005,224.1835,336.3045,FingerCubeReady,TABLE_Folding,2436.651,0,0,Cube1,-0.4,0.89,0,0,2398.015,2388.829527,0.018703193233635,0.5053,98.6778,22.4114,3.7338,15.6454,0
joint,5045,1,Responder,4,3,5,Initiator,1,1,3,2,1,0,-0.0161,1.1958,0.8372,6.6501,181.2246,356.1415,-0.0163,1.1941,0.8225,6.656,181.1624,356.1604,1,-0.0318,0.0034,-0.0252,0.0397,-0.1777,0.9833,0.0311,0.0068,-0.0252,-0.0223,-0.1699,0.9852,-0.0158,1.2022,0.847,-0.0165,-0.287,-0.9578,1,Cube2,-0.0286,0.9783,0.1,Cube2,8817833095,0.0019,0.7999,0.2927,345.7782,51.3545,344.8668,FingerCubeReady,TABLE_Folding,-0.013,1.1754,-0.6109,358.3715,1.7759,355.5497,0.0161,-0.0151,0.9996,0.825,0.925,0,-0.0251,-0.0151,0.9996,0.8241,358.636,0,Player2Face,0.023,1.196,0.8568,0.0063,0.7954,-0.2807,348.1,224.1864,336.3028,FingerCubeReady,TABLE_Folding,2436.662,0,0,Cube1,-0.4,0.89,0,0,2398.026,2388.8412269,0.018703193233635,0.5053,98.6789,22.3816,3.7313,15.6667,0
joint,5045,1,Responder,4,3,5,Initiator,1,1,3,2,1,0,-0.0162,1.1958,0.8372,6.6642,181.2108,356.1511,-0.0164,1.1941,0.8224,6.6678,181.1983,356.1426,1,-0.0318,0.0034,-0.0252,0.0399,-0.1776,0.9833,0.0311,0.0068,-0.0252,-0.0214,-0.1702,0.9852,-0.0159,1.2021,0.8468,-0.0175,-0.2874,-0.9576,1,Cube2,-0.0296,0.978,0.1,Cube2,8817849758,0.0019,0.7999,0.2927,345.7748,51.3556,344.8616,FingerCubeReady,TABLE_Folding,-0.013,1.1754,-0.6109,358.3689,1.7759,355.5419,0.0164,-0.0149,0.9996,0.8375,0.925,0,-0.0248,-0.0149,0.9997,0.8368,358.6123,0,Player2Face,0.0233,1.1963,0.8568,0.0063,0.7955,-0.2807,348.1007,224.1871,336.2994,FingerCubeReady,TABLE_Folding,2436.673,0,0,Cube1,-0.4,0.89,0,0,2398.038,2388.852189,0.018703193233635,0.5053,98.6808,22.3113,3.7484,15.6954,0
joint,5045,1,Responder,4,3,5,Initiator,1,1,3,2,1,0,-0.0161,1.1958,0.8372,6.6679,181.2231,356.149,-0.0164,1.1941,0.8224,6.6711,181.214,356.1378,1,-0.0318,0.0034,-0.0252,0.0398,-0.1779,0.9832,0.0311,0.0068,-0.0252,-0.0208,-0.1701,0.9852,-0.0159,1.2021,0.8468,-0.0181,-0.2875,-0.9576,1,Cube2,-0.03,0.9779,0.1,Cube2,8817858089,0.0019,0.8,0.2927,345.7622,51.3435,344.8641,FingerCubeReady,TABLE_Folding,-0.0131,1.1753,-0.6107,358.3853,1.7704,355.5414,0.0163,-0.014,0.9997,0.8365,0.9282,0,-0.024,-0.014,0.9997,0.8361,358.6051,0,Player2Face,0.0239,1.1972,0.8566,0.0063,0.7954,-0.2806,348.1005,224.1804,336.3028,FingerCubeReady,TABLE_Folding,2436.685,0,0,Cube1,-0.4,0.89,0,0,2398.049,2388.8635118,0.018703193233635,0.5053,98.6924,22.2805,3.7634,15.7004,0
joint,5045,1,Responder,4,3,5,Initiator,1,1,3,2,1,0,-0.0161,1.1958,0.8372,6.661,181.2244,356.1501,-0.0164,1.1941,0.8223,6.6737,181.2281,356.1275,1,-0.0318,0.0034,-0.0252,0.0399,-0.1779,0.9832,0.0311,0.0068,-0.0252,-0.0209,-0.1699,0.9852,-0.0159,1.2021,0.8468,-0.0183,-0.2875,-0.9576,1,Cube2,-0.0302,0.9779,0.1,Cube2,8817866421,0.0019,0.7999,0.2927,345.7637,51.343,344.8619,FingerCubeReady,TABLE_Folding,-0.0131,1.1753,-0.6107,358.3922,1.77,355.5309,0.0161,-0.0137,0.9997,0.8242,0.9294,0,-0.0232,-0.0137,0.9997,0.8241,358.6158,0,Player2Face,0.0243,1.1975,0.8566,0.0063,0.7954,-0.2806,348.0993,224.1776,336.3034,FingerCubeReady,TABLE_Folding,2436.696,0,0,Cube1,-0.4,0.89,0,0,2398.06,2388.8744103,0.018703193233635,0.5053,98.6936,22.2718,3.7729,15.6986,0
joint,5045,1,Responder,4,3,5,Initiator,1,1,3,2,1,0,-0.0161,1.1958,0.8371,6.6526,181.2288,356.1526,-0.0165,1.1941,0.8223,6.6708,181.2375,356.094,1,-0.0318,0.0034,-0.0252,0.0396,-0.1781,0.9832,0.0311,0.0068,-0.0252,-0.0219,-0.17,0.9852,-0.016,1.2021,0.8467,-0.0176,-0.2875,-0.9576,1,Cube2,-0.0297,0.9779,0.1,Cube2,8817883084,0.0019,0.7999,0.2928,345.7598,51.3331,344.8585,FingerCubeReady,TABLE_Folding,-0.013,1.1753,-0.6107,358.411,1.7894,355.5035,0.0148,-0.0142,0.9996,0.7981,0.8998,0,-0.0228,-0.0142,0.9997,0.7983,358.6433,0,Player2Face,0.0243,1.1963,0.8571,0.0064,0.7953,-0.2805,348.0949,224.1702,336.3077,FingerCubeReady,TABLE_Folding,2436.718,0,0,Cube1,-0.4,0.89,0,0,2398.071,2388.8860261,0.018703193233635,0.5053,98.7023,22.3064,3.7554,15.6983,0
joint,5045,1,Responder,4,3,5,Initiator,1,1,3,2,1,0,-0.0161,1.1958,0.8371,6.6594,181.2362,356.1556,-0.0165,1.1941,0.8222,6.665,181.2415,356.0813,1,-0.0318,0.0034,-0.0252,0.0398,-0.178,0.9832,0.0311,0.0068,-0.0252,-0.0222,-0.1698,0.9852,-0.016,1.2021,0.8467,-0.0177,-0.2873,-0.9577,1,Cube2,-0.0298,0.9781,0.1,Cube2,8817891415,0.0019,0.7999,0.2928,345.7493,51.3327,344.8588,FingerCubeReady,TABLE_Folding,-0.013,1.1753,-0.6107,358.411,1.7894,355.5035,0.0148,-0.0142,0.9996,0.7981,0.8998,0,-0.0228,-0.0142,0.9997,0.7983,358.6433,0,Player2Face,0.0243,1.1963,0.8571,0.0064,0.7953,-0.2805,348.0955,224.1658,336.3125,FingerCubeReady,TABLE_Folding,2436.718,0,0,Cube1,-0.4,0.89,0,0,2398.082,2388.8971217,0.018703193233635,0.5053,98.7055,22.3059,3.7715,15.685,0
joint,5045,1,Responder,4,3,5,Initiator,1,1,3,2,1,0,-0.0161,1.1958,0.8371,6.6471,181.2415,356.1619,-0.0165,1.194,0.8222,6.66,181.2415,356.0756,1,-0.0318,0.0034,-0.0252,0.0396,-0.1781,0.9832,0.0311,0.0068,-0.0252,-0.0226,-0.1695,0.9853,-0.016,1.2021,0.8467,-0.0173,-0.2871,-0.9577,1,Cube2,-0.0295,0.9782,0.1,Cube2,8817899747,0.0019,0.7999,0.2928,345.753,51.334,344.8543,FingerCubeReady,TABLE_Folding,-0.013,1.1753,-0.6107,358.4354,1.7929,355.496,0.0144,-0.0136,0.9997,0.7945,0.878,0,-0.023,-0.0136,0.9997,0.7947,358.6584,0,Player2Face,0.0239,1.1965,0.8569,0.0064,0.7953,-0.2805,348.0955,224.1658,336.3125,FingerCubeReady,TABLE_Folding,2436.73,0,0,Cube1,-0.4,0.89,0,0,2398.094,2388.9084077,0.018703193233635,0.5053,98.7046,22.3273,3.7701,15.6722,0
joint,5045,1,Responder,4,3,5,Initiator,1,1,3,2,1,0,-0.0162,1.1958,0.8371,6.6432,181.244,356.1648,-0.0165,1.194,0.8223,6.6468,181.2275,356.0771,1,-0.0318,0.0034,-0.0252,0.04,-0.1785,0.9831,0.0312,0.0068,-0.0252,-0.0227,-0.17,0.9852,-0.016,1.202,0.8467,-0.0172,-0.2873,-0.9577,1,Cube2,-0.0295,0.978,0.1,Cube2,8817916410,0.0019,0.8,0.2928,345.7434,51.3352,344.8543,FingerCubeReady,TABLE_Folding,-0.0129,1.1753,-0.6106,358.4412,1.8029,355.4946,0.0145,-0.0136,0.9997,0.7898,0.861,0,-0.0233,-0.0136,0.9997,0.7898,358.6651,0,Player2Face,0.0241,1.1965,0.857,0.0064,0.7953,-0.2805,348.095,224.1652,336.3131,FingerCubeReady,TABLE_Folding,2436.74,0,0,Cube1,-0.4,0.89,0,0,2398.104,2388.9192752,0.018703193233635,0.5053,98.7053,22.3275,3.7574,15.6858,0
joint,5045,1,Responder,4,3,5,Initiator,1,1,3,2,1,0,-0.0162,1.1958,0.8371,6.6454,181.2531,356.1656,-0.0165,1.194,0.8223,6.6503,181.2227,356.0772,1,-0.0318,0.0034,-0.0252,0.0399,-0.1786,0.9831,0.0312,0.0068,-0.0252,-0.0231,-0.1702,0.9851,-0.016,1.202,0.8467,-0.0169,-0.2875,-0.9576,1,Cube2,-0.0292,0.9779,0.1,Cube2,8817924741,0.0019,0.8,0.2928,345.7318,51.335,344.8541,FingerCubeReady,TABLE_Folding,-0.013,1.1753,-0.6105,358.4574,1.8089,355.5031,0.0143,-0.0128,0.9997,0.7778,0.8467,0,-0.0239,-0.0128,0.9997,0.7781,358.6613,0,Player2Face,0.0238,1.1972,0.8566,0.0064,0.7953,-0.2805,348.0956,224.1658,336.3159,FingerCubeReady,TABLE_Folding,2436.752,0,0,Cube1,-0.4,0.89,0,0,2398.115,2388.9302321,0.018703193233635,0.5053,98.7082,22.3449,3.7366,15.6954,0
joint,5045,1,Responder,4,3,5,Initiator,1,1,3,2,1,0,-0.0162,1.1958,0.8371,6.636,181.2678,356.1614,-0.0165,1.194,0.8223,6.6561,181.2216,356.0804,1,-0.0318,0.0034,-0.0252,0.0399,-0.1785,0.9831,0.0312,0.0068,-0.0252,-0.023,-0.17,0.9852,-0.016,1.202,0.8467,-0.0169,-0.2875,-0.9576,1,Cube2,-0.0292,0.9779,0.1,Cube2,8817933073,0.0019,0.8,0.2928,345.7256,51.3388,344.8494,FingerCubeReady,TABLE_Folding,-0.013,1.1752,-0.6105,358.4634,1.8137,355.5066,0.0141,-0.0128,0.9997,0.764,0.8352,0,-0.0233,-0.0128,0.9997,0.7644,358.6579,0,Player2Face,0.0242,1.1971,0.8568,0.0064,0.7953,-0.2805,348.0961,224.1655,336.3155,FingerCubeReady,TABLE_Folding,2436.763,0,0,Cube1,-0.4,0.89,0,0,2398.127,2388.9416705,0.018703193233635,0.5053,98.7078,22.3441,3.7392,15.6923,0
joint,5045,1,Responder,4,3,5,Initiator,1,1,3,2,1,0,-0.0163,1.1959,0.8371,6.641,181.2648,356.158,-0.0165,1.194,0.8222,6.6562,181.2272,356.1005,1,-0.0318,0.0034,-0.0252,0.0395,-0.1791,0.983,0.0312,0.0068,-0.0252,-0.0231,-0.1698,0.9852,-0.016,1.202,0.8466,-0.0168,-0.2876,-0.9576,1,Cube2,-0.0291,0.9778,0.1,Cube2,8817949736,0.0019,0.8,0.2927,345.7256,51.3552,344.8523,FingerCubeReady,TABLE_Folding,-0.0131,1.1752,-0.6106,358.475,1.8273,355.5116,0.0135,-0.0132,0.9997,0.7561,0.8184,0,-0.0236,-0.0132,0.9997,0.7564,358.6558,0,Player2Face,0.0238,1.1962,0.8569,0.0064,0.7953,-0.2805,348.098,224.1657,336.3144,FingerCubeReady,TABLE_Folding,2436.774,0,0,Cube1,-0.4,0.89,0,0,2398.138,2388.9528083,0.018703193233635,0.5053,98.6948,22.3507,3.7264,15.7011,0
joint,5045,1,Responder,4,3,5,Initiator,1,1,3,2,1,0,-0.0163,1.196,0.8372,6.6498,181.2631,356.1731,-0.0165,1.194,0.8222,6.6565,181.2223,356.1127,1,-0.0318,0.0034,-0.0252,0.0395,-0.1791,0.983,0.0312,0.0068,-0.0252,-0.0231,-0.1699,0.9852,-0.016,1.202,0.8466,-0.0167,-0.2877,-0.9576,1,Cube2,-0.029,0.9777,0.1,Cube2,8817958068,0.0019,0.8,0.2927,345.7206,51.3625,344.8492,FingerCubeReady,TABLE_Folding,-0.0132,1.1753,-0.6107,358.4769,1.8275,355.507,0.008,-0.0123,0.9998,0.7473,0.7573,0,-0.0328,-0.0123,0.9994,0.7479,358.581,0,Player2Face,0.0129,1.1984,0.8527,0.0064,0.7953,-0.2805,348.099,224.1661,336.3127,FingerCubeReady,TABLE_Folding,2436.785,0,0,Cube1,-0.4,0.89,0,0,2398.149,2388.9639645,0.018703193233635,0.5053,98.6906,22.3573,3.7192,15.7086,0
joint,5045,1,Responder,4,3,5,Initiator,1,1,3,2,1,0,-0.0163,1.1959,0.8372,6.6358,181.2462,356.1843,-0.0165,1.194,0.8222,6.6569,181.2164,356.1242,1,-0.0318,0.0034,-0.0252,0.0397,-0.1796,0.9829,0.0312,0.0068,-0.0252,-0.023,-0.1697,0.9852,-0.016,1.202,0.8466,-0.0168,-0.2879,-0.9575,1,Cube2,-0.0291,0.9776,0.1,Cube2,8817966399,0.0019,0.8,0.2927,345.7103,51.3629,344.8528,FingerCubeReady,TABLE_Folding,-0.0132,1.1753,-0.6108,358.4825,1.8353,355.5263,0.0058,-0.0026,1,0.634,0.6367,0,-0.0345,-0.0026,0.9994,0.6445,358.4275,0,Player2Face,0.0113,1.2127,0.8485,0.0064,0.7953,-0.2806,348.0988,224.167,336.3112,FingerCubeReady,TABLE_Folding,2436.797,0,0,Cube1,-0.4,0.89,0,0,2398.16,2388.9753529,0.018703193233635,0.5053,98.6919,22.3512,3.7131,15.7173,0
joint,5045,1,Responder,4,3,5,Initiator,1,1,3,2,1,0,-0.0163,1.196,0.8372,6.6412,181.2399,356.1904,-0.0164,1.1941,0.8223,6.653,181.2227,356.1397,1,-0.0318,0.0034,-0.0252,0.0401,-0.1798,0.9829,0.0312,0.0068,-0.0251,-0.023,-0.1699,0.9852,-0.0159,1.2021,0.8467,-0.0172,-0.288,-0.9575,1,Cube2,-0.0293,0.9775,0.1,Cube2,8817983062,0.0019,0.8,0.2927,345.6985,51.3633,344.8479,FingerCubeReady,TABLE_Folding,-0.0131,1.1754,-0.6107,358.493,1.828,355.5259,0.0053,-0.0073,0.9999,0.4219,0.4592,0,-0.0288,-0.0073,0.9996,0.4366,358.278,0,Player2Face,0.0143,1.2053,0.851,0.0064,0.7953,-0.2806,348.0987,224.1687,336.3115,FingerCubeReady,TABLE_Folding,2436.819,0,0,Cube1,-0.4,0.89,0,0,2398.173,2388.9873673,0.018703193233635,0.5053,98.6956,22.3306,3.7152,15.7293,0
joint,5045,1,Responder,4,3,5,Initiator,1,1,3,2,1,0,-0.0163,1.196,0.8372,6.6206,181.2209,356.1781,-0.0165,1.1941,0.8223,6.6569,181.218,356.1461,1,-0.0318,0.0034,-0.0252,0.0398,-0.1799,0.9829,0.0312,0.0068,-0.0251,-0.0231,-0.1698,0.9852,-0.016,1.2021,0.8467,-0.0169,-0.2881,-0.9575,1,Cube2,-0.0292,0.9774,0.1,Cube2,8817991394,0.0019,0.8,0.2927,345.7033,51.3724,344.8401,FingerCubeReady,TABLE_Folding,-0.0131,1.1754,-0.6107,358.493,1.828,355.5259,0.0053,-0.0073,0.9999,0.4219,0.4592,0,-0.0288,-0.0073,0.9996,0.4366,358.278,0,Player2Face,0.0143,1.2053,0.851,0.0064,0.7953,-0.2806,348.0952,224.1692,336.3136,FingerCubeReady,TABLE_Folding,2436.819,0,0,Cube1,-0.4,0.89,0,0,2398.183,2388.9974602,0.018703193233635,0.5053,98.6904,22.3429,3.7056,15.7319,0
joint,5045,1,Responder,4,3,5,Initiator,1,1,3,2,1,0,-0.0163,1.196,0.8373,6.6199,181.2264,356.1904,-0.0165,1.1941,0.8223,6.6651,181.2137,356.1506,1,-0.0318,0.0034,-0.0252,0.0392,-0.1797,0.9829,0.0312,0.0068,-0.0251,-0.0229,-0.1697,0.9852,-0.016,1.2021,0.8467,-0.0167,-0.2881,-0.9575,1,Cube2,-0.029,0.9774,0.1,Cube2,8817999725,0.0019,0.8,0.2927,345.7008,51.3626,344.841,FingerCubeReady,TABLE_Folding,-0.0133,1.1753,-0.6108,358.4809,1.8061,355.5435,0.0067,-0.007,0.9999,0.4128,0.3721,0,-0.0282,-0.007,0.9996,0.4176,358.3185,0,Player2Face,0.0153,1.2059,0.8512,0.0064,0.7953,-0.2806,348.0952,224.1692,336.3136,FingerCubeReady,TABLE_Folding,2436.841,0,0,Cube1,-0.4,0.89,0,0,2398.194,2389.0084452,0.018703193233635,0.5053,98.6977,22.3555,3.6989,15.7275,0
joint,5045,1,Responder,4,3,5,Initiator,1,1,3,2,1,0,-0.0163,1.196,0.8373,6.6121,181.2263,356.1614,-0.0165,1.194,0.8223,6.6629,181.2241,356.1498,1,-0.0318,0.0034,-0.0252,0.0388,-0.1807,0.9828,0.0312,0.0068,-0.0251,-0.0222,-0.1695,0.9853,-0.016,1.2021,0.8467,-0.017,-0.2884,-0.9574,1,Cube2,-0.0292,0.9771,0.1,Cube2,8818016388,0.0019,0.8,0.2927,345.705,51.374,344.84,FingerCubeReady,TABLE_Folding,-0.0133,1.1753,-0.6108,358.4809,1.8061,355.5435,0.0067,-0.007,0.9999,0.4128,0.3721,0,-0.0282,-0.007,0.9996,0.4176,358.3185,0,Player2Face,0.0153,1.2059,0.8512,0.0063,0.7952,-0.2806,348.0891,224.1676,336.3195,FingerCubeReady,TABLE_Folding,2436.841,0,0,Cube1,-0.4,0.89,0,0,2398.205,2389.0195945,0.018703193233635,0.5053,98.6888,22.3364,3.6923,15.7494,0
joint,5045,1,Responder,4,3,5,Initiator,1,1,3,2,1,0,-0.0163,1.196,0.8374,6.6178,181.2147,356.1244,-0.0164,1.194,0.8222,6.6571,181.2264,356.1513,1,-0.0318,0.0034,-0.0252,0.0389,-0.1806,0.9828,0.0312,0.0068,-0.0251,-0.0223,-0.1694,0.9853,-0.0159,1.202,0.8466,-0.017,-0.2882,-0.9574,1,Cube2,-0.0292,0.9772,0.1,Cube2,8818024720,0.0019,0.7999,0.2927,345.7154,51.3779,344.836,FingerCubeReady,TABLE_Folding,-0.0132,1.1752,-0.6108,358.4835,1.8044,355.5353,0.0069,-0.0075,0.9999,0.4144,0.3715,0,-0.0279,-0.0075,0.9996,0.4168,358.3451,0,Player2Face,0.0156,1.205,0.8516,0.0063,0.7952,-0.2806,348.0891,224.1676,336.3195,FingerCubeReady,TABLE_Folding,2436.853,0,0,Cube1,-0.4,0.89,0,0,2398.216,2389.0304739,0.018703193233635,0.5053,98.6852,22.3364,3.7019,15.7377,0
joint,5045,1,Responder,4,3,5,Initiator,1,1,3,2,1,0,-0.0163,1.196,0.8373,6.6198,181.2251,356.1014,-0.0164,1.194,0.8222,6.659,181.2358,356.1554,1,-0.0318,0.0034,-0.0252,0.0392,-0.1811,0.9827,0.0312,0.0068,-0.0251,-0.0221,-0.1696,0.9852,-0.0159,1.202,0.8466,-0.0174,-0.2886,-0.9573,1,Cube2,-0.0295,0.977,0.1,Cube2,8818041383,0.0019,0.7999,0.2927,345.7072,51.3777,344.8335,FingerCubeReady,TABLE_Folding,-0.0133,1.1752,-0.6108,358.4744,1.7799,355.541,0.0076,-0.0074,0.9999,0.4179,0.3842,0,-0.0271,-0.0074,0.9996,0.419,358.3723,0,Player2Face,0.0161,1.2053,0.8517,0.0063,0.7952,-0.2806,348.0875,224.1647,336.3196,FingerCubeReady,TABLE_Folding,2436.863,0,0,Cube1,-0.4,0.89,0,0,2398.228,2389.042759,0.018703193233635,0.5053,98.6876,22.3117,3.6979,15.7602,0
joint,5045,1,Responder,4,3,5,Initiator,1,1,3,2,1,0,-0.0163,1.196,0.8373,6.6294,181.2434,356.089,-0.0165,1.194,0.8222,6.651,181.2398,356.1599,1,-0.0318,0.0034,-0.0252,0.0396,-0.1811,0.9827,0.0312,0.0068,-0.025,-0.02,-0.1726,0.9848,-0.016,1.202,0.8466,-0.0186,-0.29,-0.9568,1,Cube2,-0.0305,0.9758,0.1,Cube2,8818049714,0.0019,0.7999,0.2927,345.7047,51.3751,344.8367,FingerCubeReady,TABLE_Folding,-0.0133,1.1752,-0.6109,358.4575,1.7849,355.545,0.008,-0.0077,0.9999,0.4234,0.4067,0,-0.0275,-0.0077,0.9996,0.4237,358.3962,0,Player2Face,0.0162,1.2054,0.8517,0.0063,0.7952,-0.2806,348.086,224.1626,336.3246,FingerCubeReady,TABLE_Folding,2436.875,0,0,Cube1,-0.4,0.89,0,0,2398.238,2389.0526176,0.018703193233635,0.5053,98.6888,22.2329,3.6692,15.8492,0
joint,5045,1,Responder,4,3,5,Initiator,1,1,3,2,1,0,-0.0163,1.196,0.8374,6.627,181.2458,356.0876,-0.0165,1.194,0.8222,6.6454,181.2426,356.1632,1,-0.0317,0.0034,-0.0251,0.0611,-0.1801,0.9817,0.0314,0.0069,-0.0255,0.0043,-0.1652,0.9863,-0.0161,1.2021,0.8467,-0.0419,-0.2873,-0.9569,1,Cube2,-0.0488,0.9779,0.1,Cube2,8818058046,0.0019,0.7999,0.2927,345.6983,51.393,344.8327,FingerCubeReady,TABLE_Folding,-0.0133,1.1752,-0.6109,358.4573,1.7666,355.5494,0.0083,-0.0079,0.9999,0.4303,0.4262,0,-0.0273,-0.0079,0.9996,0.43,358.4096,0,Player2Face,0.016,1.205,0.8518,0.0063,0.7952,-0.2806,348.0858,224.1613,336.3262,FingerCubeReady,TABLE_Folding,2436.885,0,0,Cube1,-0.4,0.89,0,0,2398.25,2389.0647717,0.018703193233635,0.5053,98.6783,20.9265,4.6786,15.8503,0
joint,5045,1,Responder,4,3,5,Initiator,1,1,3,2,1,0,-0.0163,1.1961,0.8374,6.6387,181.2814,356.092,-0.0165,1.1941,0.8222,6.6453,181.2528,356.1656,1,-0.0312,0.0034,-0.0251,0.154,-0.1698,0.9734,0.0318,0.0068,-0.025,0.1154,-0.1589,0.9805,-0.0166,1.202,0.8465,-0.1441,-0.285,-0.9476,1,TABLE_Folding,-0.2225,0.795,-0.507,Cube2,8818074709,0.0019,0.7999,0.2927,345.6889,51.3878,344.8304,FingerCubeReady,TABLE_Folding,-0.0133,1.1752,-0.6109,358.4591,1.7435,355.5512,0.0085,-0.0078,0.9999,0.437,0.4461,0,-0.0267,-0.0078,0.9996,0.4365,358.4253,0,Player2Face,0.016,1.205,0.8519,0.0063,0.7952,-0.2805,348.084,224.1596,336.3292,FingerCubeReady,TABLE_Folding,2436.896,0,0,Cube1,-0.4,0.89,0,0,2398.261,2389.0757061,0.018703193233635,0.5053,98.6848,15.1137,9.8832,17.7527,0
joint,5045,1,Responder,4,3,5,Initiator,1,1,3,2,1,0,-0.0163,1.1961,0.8374,6.6515,181.3023,356.1105,-0.0165,1.1941,0.8222,6.6389,181.2632,356.1627,1,-0.0309,0.0034,-0.0249,0.2111,-0.1602,0.9642,0.032,0.0066,-0.0244,0.1682,-0.1511,0.9741,-0.0168,1.2019,0.8461,-0.1996,-0.2789,-0.9393,1,TABLE_Folding,-0.308,0.795,-0.524,,8818083040,0.0019,0.8,0.2927,345.6846,51.3781,344.8335,FingerCubeReady,TABLE_Folding,-0.0132,1.1753,-0.6108,358.4521,1.7483,355.5563,0.0086,-0.0081,0.9999,0.4438,0.4625,0,-0.0268,-0.0081,0.9996,0.4432,358.4397,0,Player2Face,0.016,1.2048,0.852,0.0063,0.7952,-0.2805,348.0872,224.16,336.3271,FingerCubeReady,TABLE_Folding,2436.908,0,0,Cube1,-0.4,0.89,0,0,2398.272,2389.0866667,0.018703193233635,0.5053,98.6919,12.031,13.0453,19.3101,0
joint,5045,1,Responder,4,3,5,Initiator,1,1,3,2,1,0,-0.0163,1.1961,0.8374,6.6521,181.3193,356.1239,-0.0166,1.1941,0.8222,6.6381,181.2665,356.1599,1,-0.0307,0.0032,-0.0244,0.2659,-0.1602,0.9506,0.0321,0.0065,-0.0236,0.2178,-0.1507,0.9643,-0.0171,1.2017,0.8455,-0.2515,-0.2809,-0.9262,1,TABLE_Folding,-0.3812,0.795,-0.4954,,8818091372,0.0019,0.8,0.2927,345.6666,51.3828,344.8329,FingerCubeReady,TABLE_Folding,-0.0132,1.1753,-0.6108,358.446,1.7213,355.5633,0.0091,-0.0082,0.9999,0.4516,0.479,0,-0.0267,-0.0082,0.9996,0.4509,358.4501,0,Player2Face,0.0157,1.2048,0.8519,0.0063,0.7952,-0.2806,348.0864,224.1611,336.3267,FingerCubeReady,TABLE_Folding,2436.919,0,0,Cube1,-0.4,0.89,0,0,2398.283,2389.0975869,0.018703193233635,0.5053,98.6931,9.0335,15.961,21.4962,0
joint,5045,1,Responder,4,3,5,Initiator,1,1,3,2,1,0,-0.0163,1.1961,0.8374,6.6547,181.3306,356.1247,-0.0166,1.1942,0.8223,6.6492,181.2632,356.1719,1,-0.0303,0.0033,-0.0246,0.3359,-0.1464,0.9304,0.0325,0.0066,-0.0242,0.2928,-0.1539,0.9437,-0.0175,1.2019,0.846,-0.3237,-0.2782,-0.9043,1,Cube1,-0.3,0.9591,0.0569,Cube1,8818108035,0.0019,0.8,0.2927,345.6577,51.3743,344.8361,FingerCubeReady,TABLE_Folding,-0.0132,1.1753,-0.6108,358.446,1.7169,355.5685,0.0093,-0.0085,0.9999,0.4612,0.4968,0,-0.0266,-0.0085,0.9996,0.4604,358.4593,0,Player2Face,0.0158,1.2044,0.852,0.0063,0.7952,-0.2806,348.0854,224.1608,336.3276,FingerCubeReady,TABLE_Folding,2436.93,0,0,Cube1,-0.4,0.89,0,0,2398.294,2389.108816,0.018703193233635,0.5053,98.7008,5.0372,20.2108,24.7334,0
joint,5045,1,Responder,4,3,5,Initiator,1,1,3,2,1,0,-0.0163,1.1961,0.8374,6.662,181.3419,356.1363,-0.0166,1.1942,0.8223,6.6406,181.252,356.1805,1,-0.0301,0.0033,-0.0248,0.3652,-0.1451,0.9196,0.0327,0.0069,-0.0251,0.3056,-0.135,0.9425,-0.0177,1.2021,0.8465,-0.3452,-0.2688,-0.8992,1,Cube1,-0.3043,0.9789,0.1,Cube1,8818116367,0.0019,0.8,0.2927,345.667,51.3765,344.8369,FingerCubeReady,TABLE_Folding,-0.0134,1.1753,-0.6108,358.4412,1.7083,355.579,0.0094,-0.0083,0.9999,0.4678,0.5112,0,-0.027,-0.0083,0.9996,0.467,358.4625,0,Player2Face,0.0155,1.2049,0.8518,0.0063,0.7952,-0.2806,348.0861,224.161,336.3268,FingerCubeReady,TABLE_Folding,2436.941,0,0,Cube1,-0.4,0.89,0,0,2398.305,2389.1201189,0.018703193233635,0.5053,98.6972,4.3391,21.571,25.4478,0
joint,5045,1,Responder,4,3,5,Initiator,1,1,3,2,1,0,-0.0163,1.1961,0.8374,6.6647,181.3348,356.1373,-0.0166,1.1942,0.8223,6.6378,181.2439,356.1865,1,-0.0301,0.0033,-0.0247,0.3834,-0.1404,0.9128,0.0328,0.007,-0.0257,0.2969,-0.1233,0.9469,-0.0178,1.2022,0.8468,-0.3506,-0.2609,-0.8994,1,Cube1,-0.3089,0.9855,0.1,Cube1,8818124698,0.0019,0.8,0.2927,345.6414,51.3726,344.8394,FingerCubeReady,TABLE_Folding,-0.0134,1.1753,-0.6108,358.4402,1.711,355.5793,0.0094,-0.0085,0.9999,0.4731,0.5222,0,-0.0273,-0.0085,0.9996,0.4725,358.4581,0,Player2Face,0.0152,1.2046,0.8519,0.0063,0.7952,-0.2806,348.0837,224.1623,336.3283,FingerCubeReady,TABLE_Folding,2436.953,0,0,Cube1,-0.4,0.89,0,0,2398.317,2389.1315159,0.018703193233635,0.5053,98.7043,4.4836,21.9735,25.439,0
joint,5045,1,Responder,4,3,5,Initiator,1,1,3,2,1,0,-0.0163,1.1962,0.8372,6.6712,181.3205,356.1414,-0.0167,1.1943,0.8223,6.6227,181.2228,356.1793,1,-0.0301,0.0033,-0.0247,0.3763,-0.1469,0.9148,0.0328,0.0071,-0.0257,0.2909,-0.1205,0.9491,-0.0179,1.2022,0.8469,-0.3437,-0.2624,-0.9017,1,Cube1,-0.3025,0.9849,0.1,Cube1,8818141361,0.0019,0.8,0.2927,345.6392,51.3748,344.8412,FingerCubeReady,TABLE_Folding,-0.0134,1.1753,-0.6107,358.4332,1.6968,355.5883,0.0095,-0.0085,0.9999,0.4777,0.5293,0,-0.0256,-0.0085,0.9997,0.4772,358.4655,0,Player2Face,0.0162,1.2046,0.8521,0.0063,0.7952,-0.2806,348.085,224.166,336.3239,FingerCubeReady,TABLE_Folding,2436.963,0,0,Cube1,-0.4,0.89,0,0,2398.328,2389.1426111,0.018703193233635,0.5053,98.7027,4.6957,21.5499,25.1294,0
joint,5045,1,Responder,4,3,5,Initiator,1,1,3,2,1,0,-0.0163,1.1962,0.8372,6.6601,181.3113,356.1448,-0.0166,1.1942,0.8224,6.6201,181.2246,356.1863,1,-0.0301,0.0033,-0.0248,0.3736,-0.1409,0.9168,0.0328,0.007,-0.0257,0.2906,-0.1274,0.9483,-0.0178,1.2022,0.8469,-0.3422,-0.2626,-0.9022,1,Cube1,-0.3011,0.9847,0.1,Cube1,8818149693,0.0019,0.8,0.2927,345.6512,51.3822,344.8425,FingerCubeReady,TABLE_Folding,-0.0135,1.1753,-0.6107,358.4237,1.6897,355.5974,0.009,-0.0088,0.9999,0.4851,0.5299,0,-0.0267,-0.0088,0.9996,0.4844,358.4741,0,Player2Face,0.0146,1.2044,0.8517,0.0063,0.7952,-0.2806,348.0845,224.1658,336.325,FingerCubeReady,TABLE_Folding,2436.975,0,0,Cube1,-0.4,0.89,0,0,2398.339,2389.1534296,0.018703193233635,0.5053,98.694,4.7445,21.4571,25.0609,0
joint,5045,1,Responder,4,3,5,Initiator,1,1,3,2,1,0,-0.0163,1.1961,0.8372,6.6477,181.2891,356.1437,-0.0166,1.1942,0.8224,6.6166,181.2264,356.1783,1,-0.0301,0.0033,-0.0248,0.3744,-0.1441,0.916,0.0328,0.007,-0.0257,0.281,-0.13,0.9509,-0.0178,1.2022,0.8469,-0.3376,-0.2654,-0.9031,1,Cube1,-0.3,0.9803,0.0921,Cube1,8818158024,0.0019,0.8,0.2927,345.6579,51.3884,344.8366,FingerCubeReady,TABLE_Folding,-0.0136,1.1754,-0.6108,358.408,1.6958,355.5969,0.0088,-0.0095,0.9998,0.4978,0.5248,0,-0.0272,-0.0095,0.9996,0.4968,358.4711,0,Player2Face,0.0143,1.2038,0.8518,0.0063,0.7952,-0.2806,348.0828,224.1652,336.3265,FingerCubeReady,TABLE_Folding,2436.986,0,0,Cube1,-0.4,0.89,0,0,2398.35,2389.1652231,0.018703193233635,0.5053,98.6903,4.819,21.1604,24.9302,0
joint,5045,1,Responder,4,3,5,Initiator,1,1,3,2,1,0,-0.0162,1.1961,0.8372,6.6355,181.2701,356.1387,-0.0166,1.1943,0.8225,6.6175,181.2155,356.1267,1,-0.0301,0.0033,-0.0248,0.3764,-0.1412,0.9156,0.0328,0.0071,-0.0258,0.2937,-0.1233,0.9479,-0.0179,1.2022,0.8471,-0.3449,-0.2612,-0.9016,1,Cube1,-0.3037,0.9858,0.1,Cube1,8818174687,0.0019,0.7999,0.2927,345.6652,51.3918,344.8321,FingerCubeReady,TABLE_Folding,-0.0136,1.1754,-0.6109,358.4143,1.6896,355.6001,0.0086,-0.0089,0.9999,0.5079,0.5157,0,-0.0271,-0.0089,0.9996,0.507,358.4637,0,Player2Face,0.0141,1.2045,0.8516,0.0063,0.7952,-0.2806,348.0825,224.1734,336.3229,FingerCubeReady,TABLE_Folding,2436.998,0,0,Cube1,-0.4,0.89,0,0,2398.361,2389.1762418,0.018703193233635,0.5053,98.688,4.6932,21.6345,25.149,0
joint,5045,1,Responder,4,3,5,Initiator,1,1,3,2,1,0,-0.0162,1.1961,0.8372,6.6454,181.2595,356.139,-0.0166,1.1943,0.8224,6.6191,181.2212,356.1101,1,-0.0301,0.0033,-0.0248,0.3772,-0.1415,0.9152,0.0329,0.0071,-0.0258,0.2936,-0.1227,0.948,-0.0179,1.2022,0.847,-0.3453,-0.2612,-0.9014,1,Cube1,-0.304,0.9857,0.1,Cube1,8818183019,0.0019,0.7999,0.2927,345.6701,51.3956,344.8268,FingerCubeReady,TABLE_Folding,-0.0136,1.1754,-0.6108,358.4283,1.691,355.5908,0.0082,-0.0086,0.9999,0.5075,0.504,0,-0.0276,-0.0086,0.9996,0.5071,358.453,0,Player2Face,0.0135,1.2047,0.8513,0.0063,0.7952,-0.2807,348.0836,224.1748,336.3228,FingerCubeReady,TABLE_Folding,2437.009,0,0,Cube1,-0.4,0.89,0,0,2398.373,2389.1872938,0.018703193233635,0.5053,98.6863,4.676,21.6581,25.1738,0
joint,5045,1,Responder,4,3,5,Initiator,1,1,3,2,1,0,-0.0162,1.196,0.8372,6.6328,181.2533,356.1355,-0.0166,1.1943,0.8224,6.6234,181.2319,356.0967,1,-0.0301,0.0033,-0.0247,0.3784,-0.1416,0.9147,0.0329,0.0071,-0.0259,0.2948,-0.1214,0.9478,-0.0179,1.2022,0.847,-0.3467,-0.2608,-0.901,1,Cube1,-0.3053,0.986,0.1,Cube1,8818191350,0.0019,0.7999,0.2926,345.6715,51.4005,344.8255,FingerCubeReady,TABLE_Folding,-0.0136,1.1755,-0.6108,358.4345,1.6934,355.6041,0.0083,-0.0085,0.9999,0.5033,0.4943,0,-0.0272,-0.0085,0.9996,0.5033,358.4452,0,Player2Face,0.0139,1.2045,0.8514,0.0063,0.7952,-0.2807,348.0829,224.1767,336.3185,FingerCubeReady,TABLE_Folding,2437.019,0,0,Cube1,-0.4,0.89,0,0,2398.384,2389.198751,0.018703193233635,0.5053,98.6832,4.6422,21.7426,25.2275,0
joint,5045,1,Responder,4,3,5,Initiator,1,1,3,2,1,0,-0.0163,1.1961,0.8371,6.6514,181.2638,356.1166,-0.0167,1.1943,0.8225,6.6273,181.2455,356.0878,1,-0.0301,0.0033,-0.0247,0.3809,-0.1425,0.9136,0.0329,0.0071,-0.0259,0.2953,-0.1198,0.9478,-0.0179,1.2022,0.847,-0.3484,-0.2606,-0.9004,1,Cube1,-0.3069,0.986,0.1,Cube1,8818208013,0.0019,0.7999,0.2927,345.6541,51.3883,344.8277,FingerCubeReady,TABLE_Folding,-0.0136,1.1754,-0.6108,358.45,1.6991,355.6041,0.0078,-0.0092,0.9999,0.5043,0.4817,0,-0.028,-0.0092,0.9996,0.5042,358.4346,0,Player2Face,0.013,1.2033,0.8515,0.0063,0.7952,-0.2806,348.0838,224.1742,336.3192,FingerCubeReady,TABLE_Folding,2437.031,0,0,Cube1,-0.4,0.89,0,0,2398.395,2389.2091506,0.018703193233635,0.5053,98.6945,4.5823,21.8472,25.3093,0
joint,5045,1,Responder,4,3,5,Initiator,1,1,3,2,1,0,-0.0164,1.1962,0.8371,6.6585,181.2782,356.1078,-0.0167,1.1943,0.8225,6.6341,181.2675,356.0903,1,-0.0301,0.0033,-0.0247,0.3817,-0.1425,0.9132,0.0329,0.0071,-0.0258,0.295,-0.1202,0.9479,-0.0179,1.2023,0.847,-0.349,-0.2609,-0.9001,1,Cube1,-0.3075,0.9857,0.1,Cube1,8818216345,0.0019,0.7999,0.2927,345.6477,51.3811,344.832,FingerCubeReady,TABLE_Folding,-0.0137,1.1753,-0.6109,358.4586,1.6915,355.6184,0.0077,-0.0086,0.9999,0.5041,0.468,0,-0.0278,-0.0086,0.9996,0.504,358.4237,0,Player2Face,0.0131,1.2041,0.8512,0.0063,0.7953,-0.2807,348.0835,224.1773,336.3155,FingerCubeReady,TABLE_Folding,2437.042,0,0,Cube1,-0.4,0.89,0,0,2398.406,2389.22649695,0.0192731035717961,0.5053,98.6997,4.5443,21.8776,25.3434,0
joint,5045,1,Responder,4,3,5,Initiator,1,1,3,2,1,0,-0.0164,1.1961,0.8371,6.6516,181.2932,356.1158,-0.0167,1.1943,0.8225,6.6434,181.2891,356.0988,1,-0.0301,0.0033,-0.0247,0.3826,-0.1428,0.9128,0.0329,0.007,-0.0258,0.295,-0.1206,0.9479,-0.0178,1.2023,0.847,-0.3498,-0.2613,-0.8996,1,Cube1,-0.3083,0.9853,0.1,Cube1,8818224676,0.0019,0.7999,0.2927,345.6503,51.3765,344.8328,FingerCubeReady,TABLE_Folding,-0.0138,1.1754,-0.6109,358.4704,1.6901,355.6205,0.0074,-0.0084,0.9999,0.4987,0.4556,0,-0.028,-0.0084,0.9996,0.499,358.4157,0,Player2Face,0.0127,1.2041,0.8511,0.0063,0.7953,-0.2807,348.0827,224.1753,336.3143,FingerCubeReady,TABLE_Folding,2437.053,0,0,Cube1,-0.4,0.89,0,0,2398.417,2389.23722355,0.0192731035717961,0.5053,98.7021,4.4925,21.92,25.3993,0
joint,5045,1,Responder,4,3,5,Initiator,1,1,3,2,1,0,-0.0164,1.1961,0.8372,6.6662,181.3226,356.1213,-0.0167,1.1943,0.8225,6.652,181.3175,356.1224,1,-0.0301,0.0033,-0.0246,0.3836,-0.1433,0.9123,0.0329,0.007,-0.0258,0.2948,-0.1199,0.948,-0.0178,1.2023,0.847,-0.3507,-0.2612,-0.8993,1,Cube1,-0.3092,0.9853,0.1,Cube1,8818241339,0.0019,0.7999,0.2927,345.6455,51.3738,344.8344,FingerCubeReady,TABLE_Folding,-0.0138,1.1754,-0.6109,358.4922,1.6902,355.608,0.008,-0.0079,0.9999,0.488,0.4498,0,-0.0271,-0.0079,0.9996,0.4887,358.416,0,Player2Face,0.0138,1.2041,0.8514,0.0063,0.7952,-0.2807,348.0826,224.1784,336.3149,FingerCubeReady,TABLE_Folding,2437.064,0,0,Cube1,-0.4,0.89,0,0,2398.428,2389.24887625,0.0192731035717961,0.5053,98.7044,4.4607,21.9772,25.4453,0
joint,5045,1,Responder,4,3,5,Initiator,1,1,3,2,1,0,-0.0164,1.1961,0.8372,6.6594,181.3451,356.1195,-0.0167,1.1943,0.8225,6.6538,181.3266,356.1244,1,-0.0301,0.0033,-0.0246,0.3846,-0.143,0.912,0.0329,0.007,-0.0258,0.2949,-0.1199,0.948,-0.0178,1.2022,0.847,-0.3514,-0.2612,-0.8991,1,Cube1,-0.3098,0.9853,0.1,Cube1,8818249671,0.0019,0.8,0.2927,345.6264,51.3756,344.8329,FingerCubeReady,TABLE_Folding,-0.0136,1.1752,-0.6107,358.5362,1.7003,355.6009,0.0069,-0.0088,0.9999,0.4064,0.4281,0,-0.0357,-0.0088,0.9994,0.4101,358.2939,0,Player2Face,0.0066,1.2022,0.8504,0.0063,0.7952,-0.2807,348.0811,224.1777,336.3136,FingerCubeReady,TABLE_Folding,2437.086,0,0,Cube1,-0.4,0.89,0,0,2398.439,2389.25981845,0.0192731035717961,0.5053,98.7074,4.4392,22.0166,25.478,0
joint,5045,1,Responder,4,3,5,Initiator,1,1,3,2,1,0,-0.0165,1.196,0.8371,6.6573,181.3862,356.089,-0.0166,1.1943,0.8225,6.6575,181.3349,356.1291,1,-0.0301,0.0033,-0.0246,0.3846,-0.1427,0.912,0.0329,0.007,-0.0257,0.2949,-0.12,0.948,-0.0178,1.2023,0.847,-0.3515,-0.2611,-0.899,1,Cube1,-0.3099,0.9853,0.1,Cube1,8818258002,0.0019,0.8,0.2927,345.6176,51.3733,344.8296,FingerCubeReady,TABLE_Folding,-0.0136,1.1752,-0.6107,358.5362,1.7003,355.6009,0.0069,-0.0088,0.9999,0.4064,0.4281,0,-0.0357,-0.0088,0.9994,0.4101,358.2939,0,Player2Face,0.0066,1.2022,0.8504,0.0063,0.7952,-0.2807,348.0799,224.1739,336.3186,FingerCubeReady,TABLE_Folding,2437.086,0,0,Cube1,-0.4,0.89,0,0,2398.451,2389.27140805,0.0192731035717961,0.5053,98.712,4.4382,22.025,25.4821,0
joint,5045,1,Responder,4,3,5,Initiator,1,1,3,2,1,0,-0.0165,1.1959,0.8371,6.6766,181.4205,356.0436,-0.0166,1.1943,0.8225,6.6642,181.3359,356.1372,1,-0.0301,0.0033,-0.0246,0.3853,-0.1419,0.9118,0.0329,0.007,-0.0257,0.2949,-0.12,0.948,-0.0178,1.2022,0.8469,-0.3519,-0.2608,-0.899,1,Cube1,-0.3102,0.9855,0.1,Cube1,8818274666,0.0019,0.8,0.2927,345.614,51.3753,344.8341,FingerCubeReady,TABLE_Folding,-0.0137,1.1752,-0.6106,358.5703,1.71,355.602,0.0059,-0.0076,0.9999,0.415,0.4064,0,-0.0332,-0.0076,0.9994,0.416,358.2071,0,Player2Face,0.0081,1.2029,0.8504,0.0063,0.7952,-0.2807,348.0799,224.1739,336.3186,FingerCubeReady,TABLE_Folding,2437.098,0,0,Cube1,-0.4,0.89,0,0,2398.462,2389.28236885,0.0192731035717961,0.5053,98.7102,4.4388,22.0519,25.4912,0
joint,5045,1,Responder,4,3,5,Initiator,1,1,3,2,1,0,-0.0166,1.1959,0.8371,6.6906,181.463,356.0169,-0.0167,1.1944,0.8224,6.6685,181.3263,356.1398,1,-0.0301,0.0032,-0.0246,0.3854,-0.1418,0.9118,0.0329,0.007,-0.0257,0.2952,-0.1204,0.9478,-0.0178,1.2023,0.8468,-0.352,-0.261,-0.8989,1,Cube1,-0.3103,0.9855,0.1,Cube1,8818282997,0.0019,0.8,0.2927,345.6129,51.383,344.843,FingerCubeReady,TABLE_Folding,-0.0137,1.175,-0.6105,358.6046,1.6964,355.6029,0.0081,-0.0019,0.9999,0.3254,0.4148,0,-0.0303,-0.0019,0.9995,0.3312,358.1952,0,Player2Face,0.0119,1.2103,0.8493,0.0063,0.7952,-0.2807,348.0816,224.1745,336.3182,FingerCubeReady,TABLE_Folding,2437.12,0,0,Cube1,-0.4,0.89,0,0,2398.473,2389.29318595,0.0192731035717961,0.5053,98.7019,4.4308,22.0571,25.4953,0
joint,5045,1,Responder,4,3,5,Initiator,1,1,3,2,1,0,-0.0166,1.196,0.8372,6.6949,181.5017,355.9851,-0.0166,1.1944,0.8223,6.6673,181.3173,356.1426,1,-0.0301,0.0032,-0.0246,0.3854,-0.1415,0.9119,0.0329,0.007,-0.0257,0.295,-0.1207,0.9478,-0.0178,1.2023,0.8467,-0.3517,-0.2609,-0.899,1,Cube1,-0.31,0.9856,0.1,Cube1,8818291329,0.0019,0.8,0.2927,345.5977,51.3708,344.8407,FingerCubeReady,TABLE_Folding,-0.0137,1.175,-0.6105,358.6046,1.6964,355.6029,0.0081,-0.0019,0.9999,0.3254,0.4148,0,-0.0303,-0.0019,0.9995,0.3312,358.1952,0,Player2Face,0.0119,1.2103,0.8493,0.0063,0.7952,-0.2807,348.0836,224.1759,336.3195,FingerCubeReady,TABLE_Folding,2437.12,0,0,Cube1,-0.4,0.89,0,0,2398.484,2389.30440245,0.0192731035717961,0.5053,98.7153,4.4485,22.0412,25.4773,0
joint,5045,1,Responder,4,3,5,Initiator,1,1,3,2,1,0,-0.0167,1.196,0.8372,6.7164,181.547,355.9542,-0.0166,1.1944,0.8223,6.65,181.2931,356.1439,1,-0.0301,0.0032,-0.0246,0.3853,-0.1407,0.912,0.0329,0.007,-0.0256,0.2953,-0.1205,0.9477,-0.0178,1.2023,0.8467,-0.3516,-0.2602,-0.8993,1,Cube1,-0.3097,0.9863,0.1,Cube1,8818307992,0.0019,0.8,0.2927,345.5866,51.3712,344.8385,FingerCubeReady,TABLE_Folding,-0.0137,1.1749,-0.6105,358.6319,1.7149,355.5973,0.0091,-0.0013,0.9999,0.2446,0.4411,0,-0.0308,-0.0013,0.9995,0.253,358.2115,0,Player2Face,0.0129,1.2104,0.8496,0.0063,0.7952,-0.2807,348.0836,224.1759,336.3195,FingerCubeReady,TABLE_Folding,2437.131,0,0,Cube1,-0.4,0.89,0,0,2398.495,2389.31544065,0.0192731035717961,0.5053,98.7184,4.4933,22.0359,25.4409,0
joint,5045,1,Responder,4,3,5,Initiator,1,1,3,2,1,0,-0.0168,1.196,0.8371,6.723,181.6149,355.9247,-0.0166,1.1944,0.8223,6.6408,181.2784,356.1409,1,-0.0301,0.0032,-0.0246,0.3854,-0.1402,0.912,0.0329,0.007,-0.0256,0.295,-0.1203,0.9479,-0.0177,1.2022,0.8467,-0.3512,-0.2597,-0.8995,1,Cube1,-0.3093,0.9866,0.1,Cube1,8818316323,0.0019,0.8,0.2927,345.594,51.3867,344.842,FingerCubeReady,TABLE_Folding,-0.0137,1.175,-0.6102,358.6524,1.717,355.5986,0.0081,-0.0017,0.9999,0.1829,0.459,0,-0.0327,-0.0017,0.9994,0.1913,358.2042,0,Player2Face,0.0107,1.2096,0.8492,0.0063,0.7952,-0.2807,348.0833,224.173,336.3224,FingerCubeReady,TABLE_Folding,2437.143,0,0,Cube1,-0.4,0.89,0,0,2398.507,2389.32734225,0.0192731035717961,0.5053,98.7016,4.5268,22.0196,25.4096,0
joint,5045,1,Responder,4,3,5,Initiator,1,1,3,2,1,0,-0.0169,1.196,0.8371,6.7413,181.68,355.8824,-0.0165,1.1943,0.8223,6.6386,181.2667,356.1388,1,-0.0301,0.0032,-0.0246,0.3853,-0.1405,0.912,0.0329,0.007,-0.0256,0.2947,-0.1207,0.9479,-0.0177,1.2022,0.8467,-0.3508,-0.26,-0.8996,1,Cube1,-0.3089,0.9864,0.1,Cube1,8818324655,0.0019,0.8,0.2927,345.5933,51.3894,344.839,FingerCubeReady,TABLE_Folding,-0.0137,1.175,-0.6102,358.6543,1.7089,355.6068,0.0087,-0.0019,0.9999,0.1489,0.4691,0,-0.0341,-0.0019,0.9994,0.1557,358.1726,0,Player2Face,0.0099,1.2092,0.8491,0.0063,0.7952,-0.2807,348.0835,224.1725,336.3228,FingerCubeReady,TABLE_Folding,2437.153,0,0,Cube1,-0.4,0.89,0,0,2398.518,2389.33801545,0.0192731035717961,0.5052,98.7001,4.528,21.9911,25.3971,0
joint,5045,1,Responder,4,3,5,Initiator,1,1,3,2,1,0,-0.0171,1.196,0.8371,6.7719,181.7632,355.8405,-0.0165,1.1943,0.8223,6.6354,181.2546,356.1362,1,-0.0301,0.0032,-0.0246,0.385,-0.1402,0.9122,0.0329,0.007,-0.0255,0.2945,-0.1205,0.948,-0.0177,1.2022,0.8467,-0.3504,-0.2597,-0.8999,1,Cube1,-0.3085,0.9867,0.1,Cube1,8818341318,0.0019,0.8,0.2927,345.6006,51.4009,344.8279,FingerCubeReady,TABLE_Folding,-0.0137,1.175,-0.6102,358.6571,1.7082,355.6081,0.0084,-0.002,0.9999,0.1299,0.4769,0,-0.0342,-0.002,0.9994,0.1345,358.1305,0,Player2Face,0.0096,1.209,0.849,0.0063,0.7952,-0.2807,348.0856,224.1746,336.3231,FingerCubeReady,TABLE_Folding,2437.165,0,0,Cube1,-0.4,0.89,0,0,2398.529,2389.34947425,0.0192731035717961,0.5053,98.6931,4.5569,21.9688,25.3657,0
joint,5045,1,Responder,4,3,5,Initiator,1,1,3,2,1,0,-0.0172,1.1959,0.837,6.801,181.8421,355.7894,-0.0166,1.1944,0.8223,6.6435,181.2593,356.1246,1,-0.0301,0.0032,-0.0246,0.3844,-0.14,0.9125,0.0329,0.007,-0.0255,0.2939,-0.1209,0.9482,-0.0178,1.2022,0.8466,-0.3498,-0.26,-0.9,1,Cube1,-0.308,0.9866,0.1,Cube1,8818349649,0.0019,0.8,0.2927,345.5901,51.3936,344.8347,FingerCubeReady,TABLE_Folding,-0.0136,1.1749,-0.6101,358.6597,1.7113,355.6011,0.0058,-0.0016,0.9999,0.1051,0.4216,0,-0.0343,-0.0016,0.9994,0.1077,358.0865,0,Player2Face,0.0075,1.2096,0.8485,0.0063,0.7952,-0.2807,348.0851,224.1774,336.3234,FingerCubeReady,TABLE_Folding,2437.187,0,0,Cube1,-0.4,0.89,0,0,2398.54,2389.36046825,0.0192731035717961,0.5053,98.6978,4.5695,21.9338,25.349,0
joint,5045,1,Responder,4,3,5,Initiator,1,1,3,2,1,0,-0.0174,1.1959,0.837,6.8311,181.9243,355.7411,-0.0167,1.1944,0.8222,6.6538,181.2686,356.1137,1,-0.0301,0.0032,-0.0246,0.384,-0.1394,0.9127,0.0329,0.0069,-0.0255,0.2938,-0.1211,0.9482,-0.0178,1.2023,0.8465,-0.3497,-0.26,-0.9001,1,Cube1,-0.3079,0.9866,0.1,Cube1,8818357981,0.0019,0.8,0.2927,345.5806,51.3992,344.8413,FingerCubeReady,TABLE_Folding,-0.0136,1.1749,-0.6101,358.6597,1.7113,355.6011,0.0058,-0.0016,0.9999,0.1051,0.4216,0,-0.0343,-0.0016,0.9994,0.1077,358.0865,0,Player2Face,0.0075,1.2096,0.8485,0.0063,0.7952,-0.2807,348.0861,224.1772,336.3218,FingerCubeReady,TABLE_Folding,2437.187,0,0,Cube1,-0.4,0.89,0,0,2398.551,2389.37136925,0.0192731035717961,0.5052,98.694,4.5733,21.93,25.3456,0
joint,5045,1,Responder,4,3,5,Initiator,1,1,3,2,1,0,-0.0175,1.1959,0.837,6.8551,182.0204,355.6827,-0.0167,1.1944,0.8222,6.6528,181.2907,356.1145,1,-0.0301,0.0032,-0.0246,0.3829,-0.1387,0.9133,0.0329,0.0069,-0.0255,0.2927,-0.1203,0.9486,-0.0179,1.2022,0.8465,-0.349,-0.2592,-0.9006,1,Cube1,-0.3072,0.9873,0.1,Cube1,8818374644,0.0019,0.8,0.2927,345.5725,51.3913,344.8357,FingerCubeReady,TABLE_Folding,-0.0137,1.1749,-0.61,358.6628,1.7004,355.6126,0.0061,-0.0016,0.9999,0.0987,0.3918,0,-0.0334,-0.0016,0.9994,0.1005,358.0768,0,Player2Face,0.0081,1.2095,0.8486,0.0063,0.7952,-0.2807,348.0861,224.1772,336.3218,FingerCubeReady,TABLE_Folding,2437.198,0,0,Cube1,-0.4,0.89,0,0,2398.563,2389.38321345,0.0192731035717961,0.5052,98.7033,4.6372,21.9003,25.2789,0
joint,5045,1,Responder,4,3,5,Initiator,1,1,3,2,1,0,-0.0177,1.1959,0.837,6.8631,182.0706,355.6472,-0.0167,1.1943,0.8223,6.6598,181.3097,356.1189,1,-0.0301,0.0032,-0.0246,0.3823,-0.139,0.9135,0.0329,0.0069,-0.0254,0.2918,-0.1206,0.9488,-0.0179,1.2022,0.8465,-0.3486,-0.2596,-0.9006,1,Cube1,-0.3068,0.987,0.1,Cube1,8818382975,0.0019,0.8,0.2927,345.5813,51.4006,344.8304,FingerCubeReady,TABLE_Folding,-0.0137,1.1748,-0.61,358.6533,1.6859,355.6469,0.0062,-0.0018,0.9999,0.0966,0.3743,0,-0.0322,-0.0018,0.9995,0.0976,358.0871,0,Player2Face,0.0087,1.2094,0.8487,0.0063,0.7953,-0.2807,348.0878,224.1799,336.3162,FingerCubeReady,TABLE_Folding,2437.209,0,0,Cube1,-0.4,0.89,0,0,2398.574,2389.39474035,0.0192731035717961,0.5052,98.6959,4.6345,21.8687,25.2671,0
joint,5045,1,Responder,4,3,5,Initiator,1,1,3,2,1,0,-0.0177,1.1959,0.837,6.8452,182.1196,355.6357,-0.0167,1.1943,0.8223,6.6642,181.3292,356.1208,1,-0.0301,0.0032,-0.0246,0.382,-0.1386,0.9137,0.0329,0.0069,-0.0254,0.2916,-0.1204,0.9489,-0.0179,1.2022,0.8466,-0.3487,-0.2594,-0.9006,1,Cube1,-0.3069,0.9872,0.1,Cube1,8818391307,0.0019,0.8,0.2927,345.5893,51.4069,344.8309,FingerCubeReady,TABLE_Folding,-0.0137,1.1748,-0.6099,358.6555,1.6646,355.6723,0.0069,-0.0022,0.9999,0.1017,0.3719,0,-0.032,-0.0022,0.9995,0.1018,358.1081,0,Player2Face,0.0089,1.2084,0.8489,0.0063,0.7953,-0.2807,348.09,224.1779,336.3134,FingerCubeReady,TABLE_Folding,2437.22,0,0,Cube1,-0.4,0.89,0,0,2398.585,2389.40584935,0.0192731035717961,0.5052,98.6891,4.6405,21.877,25.2646,0
joint,5045,1,Responder,4,3,5,Initiator,1,1,3,2,1,0,-0.0178,1.1959,0.8371,6.8161,182.1348,355.6223,-0.0169,1.1942,0.8222,6.6578,181.3768,356.096,1,-0.0301,0.0032,-0.0246,0.3809,-0.138,0.9143,0.0329,0.0069,-0.0254,0.2904,-0.1201,0.9493,-0.018,1.2021,0.8465,-0.3482,-0.2589,-0.9009,1,Cube1,-0.3065,0.9875,0.1,Cube1,8818407970,0.0019,0.8,0.2926,345.6067,51.4186,344.8293,FingerCubeReady,TABLE_Folding,-0.0136,1.1748,-0.6099,358.625,1.6417,355.6829,0.0074,-0.0039,0.9999,0.1484,0.394,0,-0.0329,-0.0039,0.9995,0.1455,358.1385,0,Player2Face,0.0077,1.2066,0.8491,0.0063,0.7953,-0.2808,348.0901,224.1785,336.3155,FingerCubeReady,TABLE_Folding,2437.243,0,0,Cube1,-0.4,0.89,0,0,2398.597,2389.41718485,0.0192731035717961,0.5052,98.6783,4.674,21.8596,25.2341,0
joint,5045,1,Responder,4,3,5,Initiator,1,1,3,2,1,0,-0.0179,1.196,0.8372,6.7983,182.1291,355.6077,-0.0169,1.1942,0.8222,6.6673,181.404,356.0655,1,-0.0301,0.0032,-0.0246,0.3803,-0.1374,0.9146,0.0329,0.0069,-0.0253,0.2899,-0.1204,0.9494,-0.018,1.202,0.8465,-0.3481,-0.2591,-0.901,1,Cube1,-0.3064,0.9874,0.1,Cube1,8818416301,0.0019,0.8,0.2926,345.6048,51.4118,344.8367,FingerCubeReady,TABLE_Folding,-0.0136,1.1748,-0.6099,358.6283,1.6232,355.6928,0.0068,-0.0038,0.9999,0.1734,0.3991,0,-0.0327,-0.0038,0.9995,0.17,358.1361,0,Player2Face,0.007,1.2066,0.8489,0.0063,0.7952,-0.2808,348.0862,224.1792,336.321,FingerCubeReady,TABLE_Folding,2437.254,0,0,Cube1,-0.4,0.89,0,0,2398.608,2389.42832855,0.0192731035717961,0.5052,98.6818,4.6743,21.8487,25.2311,0
joint,5045,1,Responder,4,3,5,Initiator,1,1,3,2,1,0,-0.0179,1.1959,0.8373,6.771,182.1233,355.6049,-0.0169,1.1942,0.8222,6.6806,181.4325,356.0361,1,-0.0301,0.0032,-0.0246,0.379,-0.1371,0.9151,0.0329,0.0069,-0.0253,0.2894,-0.1208,0.9495,-0.018,1.202,0.8464,-0.3475,-0.2595,-0.901,1,Cube1,-0.306,0.987,0.1,Cube1,8818424633,0.0019,0.8,0.2926,345.5992,51.4151,344.8383,FingerCubeReady,TABLE_Folding,-0.0137,1.1748,-0.6098,358.6178,1.6253,355.6855,0.007,-0.0037,0.9999,0.1905,0.3997,0,-0.0312,-0.0037,0.9995,0.1874,358.146,0,Player2Face,0.0083,1.2069,0.8491,0.0063,0.7952,-0.2808,348.084,224.1783,336.324,FingerCubeReady,TABLE_Folding,2437.265,0,0,Cube1,-0.4,0.89,0,0,2398.619,2389.43911685,0.0192731035717961,0.5052,98.681,4.6714,21.8146,25.2185,0
joint,5045,1,Responder,4,3,5,Initiator,1,1,3,2,1,0,-0.0179,1.196,0.8373,6.7508,182.0838,355.6097,-0.017,1.1942,0.8222,6.694,181.4937,355.9917,1,-0.0301,0.0032,-0.0246,0.3776,-0.1364,0.9159,0.0328,0.0069,-0.0253,0.2892,-0.1207,0.9496,-0.0181,1.2021,0.8465,-0.3476,-0.2595,-0.901,1,Cube1,-0.306,0.9871,0.1,Cube1,8818441296,0.0019,0.8,0.2926,345.6013,51.4148,344.8344,FingerCubeReady,TABLE_Folding,-0.0137,1.1748,-0.6098,358.6178,1.6253,355.6855,0.007,-0.0037,0.9999,0.1905,0.3997,0,-0.0312,-0.0037,0.9995,0.1874,358.146,0,Player2Face,0.0083,1.2069,0.8491,0.0063,0.7952,-0.2808,348.0848,224.1784,336.3233,FingerCubeReady,TABLE_Folding,2437.265,0,0,Cube1,-0.4,0.89,0,0,2398.63,2389.45090205,0.0192731035717961,0.5052,98.6812,4.6709,21.8171,25.2198,0
joint,5045,1,Responder,4,3,5,Initiator,1,1,3,2,1,0,-0.0177,1.196,0.8372,6.7323,182.0478,355.6111,-0.017,1.1943,0.8223,6.7066,181.5264,355.9683,1,-0.0301,0.0032,-0.0246,0.3765,-0.1369,0.9162,0.0328,0.0069,-0.0253,0.2889,-0.1205,0.9497,-0.0181,1.2021,0.8465,-0.3473,-0.26,-0.901,1,Cube1,-0.3059,0.9867,0.1,Cube1,8818449628,0.0019,0.8,0.2926,345.6036,51.4135,344.8366,FingerCubeReady,TABLE_Folding,-0.0138,1.1749,-0.6099,358.6133,1.6283,355.6353,0.007,-0.0037,0.9999,0.2044,0.4047,0,-0.0302,-0.0037,0.9995,0.2029,358.2009,0,Player2Face,0.0091,1.207,0.8492,0.0063,0.7952,-0.2808,348.0848,224.1784,336.3233,FingerCubeReady,TABLE_Folding,2437.288,0,0,Cube1,-0.4,0.89,0,0,2398.641,2389.46188945,0.0192731035717961,0.5052,98.6805,4.6548,21.801,25.2275,0
joint,5045,1,Responder,4,3,5,Initiator,1,1,3,2,1,0,-0.0177,1.196,0.8373,6.7285,182.0089,355.6048,-0.0171,1.1943,0.8222,6.7182,181.5658,355.946,1,-0.0301,0.0032,-0.0246,0.3761,-0.1374,0.9163,0.0328,0.0069,-0.0252,0.289,-0.121,0.9497,-0.0182,1.2021,0.8464,-0.3477,-0.2607,-0.9006,1,Cube1,-0.3064,0.986,0.1,Cube1,8818457959,0.0019,0.8,0.2927,345.6015,51.4107,344.834,FingerCubeReady,TABLE_Folding,-0.0138,1.1749,-0.6099,358.6133,1.6283,355.6353,0.007,-0.0037,0.9999,0.2044,0.4047,0,-0.0302,-0.0037,0.9995,0.2029,358.2009,0,Player2Face,0.0091,1.207,0.8492,0.0062,0.7952,-0.2808,348.0844,224.1739,336.3282,FingerCubeReady,TABLE_Folding,2437.288,0,0,Cube1,-0.4,0.89,0,0,2398.652,2389.47249695,0.0192731035717961,0.5052,98.6832,4.6032,21.8178,25.2749,0
joint,5045,1,Responder,4,3,5,Initiator,1,1,3,2,1,0,-0.0176,1.196,0.8373,6.7353,181.9866,355.603,-0.0173,1.1942,0.8222,6.7368,181.6641,355.8927,1,-0.0301,0.0033,-0.0246,0.3719,-0.1385,0.9179,0.0328,0.0068,-0.0249,0.2877,-0.1182,0.9504,-0.0184,1.202,0.8463,-0.3464,-0.2605,-0.9012,1,Cube1,-0.3052,0.9863,0.1,Cube1,8818474622,0.0019,0.8,0.2927,345.5997,51.413,344.8347,FingerCubeReady,TABLE_Folding,-0.0138,1.1749,-0.61,358.6197,1.6165,355.6409,0.0079,-0.0035,0.9999,0.2063,0.4134,0,-0.0303,-0.0035,0.9995,0.2054,358.2243,0,Player2Face,0.0094,1.2071,0.8493,0.0062,0.7952,-0.2808,348.0844,224.1739,336.3282,FingerCubeReady,TABLE_Folding,2437.299,0,0,Cube1,-0.4,0.89,0,0,2398.664,2389.48414595,0.0192731035717961,0.5052,98.6811,4.6655,21.7533,25.2039,0
joint,5045,1,Responder,4,3,5,Initiator,1,1,3,2,1,0,-0.0176,1.196,0.8372,6.7313,181.9731,355.6173,-0.0175,1.1942,0.8222,6.7566,181.7216,355.8615,1,-0.03,0.0033,-0.0249,0.3903,-0.1333,0.911,0.033,0.0069,-0.0255,0.3055,-0.1199,0.9446,-0.0186,1.2021,0.8466,-0.3652,-0.2597,-0.8939,1,Cube1,-0.3237,0.9852,0.1,Cube1,8818482954,0.0019,0.8,0.2927,345.5993,51.4104,344.8316,FingerCubeReady,TABLE_Folding,-0.0138,1.1749,-0.61,358.6323,1.62,355.6341,0.0077,-0.0019,0.9999,0.1895,0.4241,0,-0.0309,-0.0019,0.9995,0.1904,358.2348,0,Player2Face,0.0092,1.2092,0.849,0.0062,0.7951,-0.2808,348.0834,224.1742,336.3303,FingerCubeReady,TABLE_Folding,2437.311,0,0,Cube1,-0.4,0.89,0,0,2398.675,2389.49538625,0.0192731035717961,0.5052,98.6832,4.0223,22.8891,26.1787,0
joint,5045,1,Responder,4,3,5,Initiator,1,1,3,2,1,0,-0.0175,1.196,0.8372,6.7415,181.987,355.6131,-0.0177,1.1942,0.8222,6.8008,181.8417,355.7897,1,-0.0298,0.0033,-0.0248,0.423,-0.1382,0.8955,0.0331,0.0068,-0.0252,0.3449,-0.1182,0.9312,-0.019,1.202,0.8465,-0.4022,-0.2634,-0.8768,1,Cube1,-0.3614,0.9778,0.1,Cube1,8818499617,0.0019,0.8,0.2927,345.5919,51.4054,344.8299,FingerCubeReady,TABLE_Folding,-0.0139,1.175,-0.61,358.6387,1.6115,355.6557,0.008,-0.0014,0.9999,0.1592,0.4339,0,-0.0309,-0.0014,0.9995,0.1619,358.2362,0,Player2Face,0.0093,1.2098,0.8489,0.0062,0.7951,-0.2808,348.0817,224.17,336.3339,FingerCubeReady,TABLE_Folding,2437.322,0,0,Cube1,-0.4,0.89,0,0,2398.687,2389.50717545,0.0192731035717961,0.5053,98.6873,3.332,25.1078,28.3383,0
joint,5045,1,Responder,4,3,5,Initiator,1,1,3,2,1,0,-0.0176,1.196,0.8371,6.7639,181.9998,355.6448,-0.0179,1.1941,0.8222,6.8238,181.9044,355.7527,1,-0.0297,0.0032,-0.0247,0.4184,-0.1364,0.898,0.0331,0.0068,-0.0252,0.339,-0.1139,0.9339,-0.0191,1.202,0.8464,-0.3982,-0.2608,-0.8794,1,Cube1,-0.3571,0.9806,0.1,Cube1,8818507948,0.0019,0.8,0.2927,345.5933,51.4012,344.8268,FingerCubeReady,TABLE_Folding,-0.0138,1.175,-0.61,358.6606,1.6078,355.685,0.0081,-0.0003,0.9999,0.0946,0.4474,0,-0.0327,-0.0003,0.9994,0.099,358.2076,0,Player2Face,0.0079,1.2107,0.8484,0.0062,0.7951,-0.2808,348.0807,224.1672,336.3365,FingerCubeReady,TABLE_Folding,2437.344,0,0,Cube1,-0.4,0.89,0,0,2398.697,2389.51719815,0.0192731035717961,0.5053,98.6904,3.4603,24.8887,28.0353,0
joint,5045,1,Responder,4,3,5,Initiator,1,1,3,2,1,0,-0.0176,1.196,0.8371,6.7746,182.0331,355.6611,-0.018,1.1941,0.8221,6.8426,181.9705,355.713,1,-0.0297,0.0032,-0.0248,0.4167,-0.1351,0.8989,0.0331,0.0069,-0.0253,0.3426,-0.1066,0.9334,-0.0192,1.202,0.8465,-0.4004,-0.2572,-0.8795,1,Cube1,-0.359,0.9837,0.1,Cube1,8818516280,0.0019,0.8,0.2927,345.5824,51.4012,344.8254,FingerCubeReady,TABLE_Folding,-0.0138,1.175,-0.61,358.6606,1.6078,355.685,0.0081,-0.0003,0.9999,0.0946,0.4474,0,-0.0327,-0.0003,0.9994,0.099,358.2076,0,Player2Face,0.0079,1.2107,0.8484,0.0062,0.7951,-0.2807,348.0806,224.165,336.3387,FingerCubeReady,TABLE_Folding,2437.344,0,0,Cube1,-0.4,0.89,0,0,2398.708,2389.52889905,0.0192731035717961,0.5053,98.6927,3.681,25.0559,28.0376,0
joint,5045,1,Responder,4,3,5,Initiator,1,1,3,2,1,0,-0.0176,1.196,0.837,6.7925,182.0577,355.6442,-0.0182,1.1941,0.8221,6.8624,182.0662,355.6503,1,-0.0297,0.0032,-0.0248,0.4162,-0.1349,0.8992,0.0331,0.0069,-0.0253,0.3389,-0.1118,0.9341,-0.0194,1.202,0.8465,-0.3994,-0.2603,-0.879,1,Cube1,-0.3586,0.9809,0.1,Cube1,8818532943,0.0019,0.8,0.2927,345.5891,51.4045,344.8223,FingerCubeReady,TABLE_Folding,-0.0139,1.1751,-0.6101,358.6729,1.6089,355.6984,0.0077,-0.0003,0.9999,0.0649,0.4492,0,-0.0332,-0.0003,0.9994,0.0692,358.175,0,Player2Face,0.0073,1.2104,0.8484,0.0062,0.7951,-0.2807,348.0806,224.165,336.3387,FingerCubeReady,TABLE_Folding,2437.355,0,0,Cube1,-0.4,0.89,0,0,2398.719,2389.53959145,0.0192731035717961,0.5053,98.6898,3.4952,24.9823,28.0966,0
joint,5045,1,Responder,4,3,5,Initiator,1,1,3,2,1,0,-0.0176,1.196,0.8371,6.7903,182.0946,355.6459,-0.0183,1.1941,0.8221,6.8513,182.1029,355.6396,1,-0.0297,0.0033,-0.0248,0.4155,-0.1358,0.8994,0.0331,0.0069,-0.0254,0.3381,-0.113,0.9343,-0.0194,1.202,0.8465,-0.3991,-0.2612,-0.8789,1,Cube1,-0.3584,0.9801,0.1,Cube1,8818541274,0.0019,0.8,0.2927,345.5934,51.4103,344.8229,FingerCubeReady,TABLE_Folding,-0.014,1.175,-0.61,358.7007,1.6155,355.687,0.0098,0.0011,0.9999,0.0126,0.5008,0,-0.0316,0.0011,0.9995,0.0168,358.1407,0,Player2Face,0.0104,1.2116,0.8487,0.0062,0.7951,-0.2807,348.0818,224.166,336.3373,FingerCubeReady,TABLE_Folding,2437.377,0,0,Cube1,-0.4,0.89,0,0,2398.731,2389.55142835,0.0192731035717961,0.5052,98.6857,3.4415,24.9566,28.1049,0
joint,5045,1,Responder,4,3,5,Initiator,1,1,3,2,1,0,-0.0177,1.196,0.8371,6.7928,182.1258,355.646,-0.0183,1.1941,0.8222,6.8335,182.1257,355.6303,1,-0.0297,0.0033,-0.0248,0.4159,-0.1367,0.8991,0.0331,0.0069,-0.0254,0.3374,-0.1148,0.9343,-0.0195,1.202,0.8465,-0.3992,-0.2623,-0.8786,1,Cube1,-0.3587,0.9791,0.1,Cube1,8818549606,0.0019,0.8,0.2927,345.5795,51.4092,344.8262,FingerCubeReady,TABLE_Folding,-0.014,1.175,-0.61,358.7009,1.6105,355.6907,0.0096,0.0013,0.9999,359.987,0.5202,0,-0.0318,0.0013,0.9995,359.9912,358.1481,0,Player2Face,0.0101,1.2119,0.8485,0.0062,0.7951,-0.2808,348.0847,224.1705,336.3333,FingerCubeReady,TABLE_Folding,2437.387,0,0,Cube1,-0.4,0.89,0,0,2398.742,2389.56263255,0.0192731035717961,0.5052,98.6883,3.3794,24.9534,28.1452,0
joint,5045,1,Responder,4,3,5,Initiator,1,1,3,2,1,0,-0.0177,1.196,0.8371,6.8099,182.1575,355.6312,-0.0185,1.1942,0.8223,6.8003,182.1298,355.6093,1,-0.0297,0.0033,-0.0248,0.416,-0.1364,0.8991,0.0331,0.0069,-0.0254,0.3382,-0.1147,0.9341,-0.0196,1.202,0.8467,-0.3996,-0.2618,-0.8785,1,Cube1,-0.3593,0.9795,0.1,Cube1,8818566269,0.0019,0.8,0.2927,345.578,51.4106,344.824,FingerCubeReady,TABLE_Folding,-0.014,1.175,-0.61,358.7009,1.6105,355.6907,0.0096,0.0013,0.9999,359.987,0.5202,0,-0.0318,0.0013,0.9995,359.9912,358.1481,0,Player2Face,0.0101,1.2119,0.8485,0.0062,0.7951,-0.2808,348.0858,224.1683,336.3369,FingerCubeReady,TABLE_Folding,2437.387,0,0,Cube1,-0.4,0.89,0,0,2398.754,2389.57400145,0.0192731035717961,0.5052,98.6882,3.4164,24.993,28.156,0
joint,5045,1,Responder,4,3,5,Initiator,1,1,3,2,1,0,-0.0177,1.196,0.8372,6.7999,182.1702,355.6247,-0.0185,1.1942,0.8224,6.7804,182.1253,355.6059,1,-0.0297,0.0033,-0.0249,0.4158,-0.1372,0.899,0.0331,0.0069,-0.0254,0.3382,-0.1151,0.934,-0.0196,1.202,0.8468,-0.3994,-0.2621,-0.8785,1,Cube1,-0.3592,0.9793,0.1,Cube1,8818574600,0.0019,0.8,0.2927,345.5665,51.4171,344.8207,FingerCubeReady,TABLE_Folding,-0.0141,1.175,-0.61,358.7158,1.5988,355.6873,0.0075,0.0012,0.9999,359.9473,0.5218,0,-0.0313,0.0012,0.9995,359.95,358.1715,0,Player2Face,0.0085,1.2114,0.8481,0.0062,0.7951,-0.2808,348.0858,224.1683,336.3369,FingerCubeReady,TABLE_Folding,2437.411,0,0,Cube1,-0.4,0.89,0,0,2398.764,2389.58477345,0.0192731035717961,0.5052,98.6868,3.3959,24.9766,28.151,0
joint,5045,1,Responder,4,3,5,Initiator,1,1,3,2,1,0,-0.0177,1.196,0.8372,6.8047,182.1812,355.6196,-0.0184,1.1942,0.8224,6.7631,182.1079,355.6068,1,-0.0297,0.0033,-0.0249,0.4156,-0.1374,0.8991,0.0331,0.0069,-0.0254,0.3385,-0.1152,0.9339,-0.0196,1.202,0.8468,-0.3992,-0.2619,-0.8786,1,Cube1,-0.3589,0.9794,0.1,Cube1,8818582932,0.0019,0.8,0.2927,345.5686,51.4224,344.8179,FingerCubeReady,TABLE_Folding,-0.0141,1.1749,-0.61,358.7286,1.6031,355.6923,0.0075,0.0017,1,359.9357,0.4949,0,-0.0313,0.0017,0.9995,359.938,358.1823,0,Player2Face,0.0086,1.2118,0.848,0.0062,0.7951,-0.2808,348.0884,224.1708,336.3357,FingerCubeReady,TABLE_Folding,2437.422,0,0,Cube1,-0.4,0.89,0,0,2398.775,2389.59529595,0.0192731035717961,0.5052,98.6832,3.4027,24.963,28.1331,0
joint,5045,1,Responder,4,3,5,Initiator,1,1,3,2,1,0,-0.0177,1.196,0.8372,6.7916,182.1808,355.6245,-0.0183,1.1942,0.8224,6.7348,182.0527,355.6109,1,-0.0297,0.0033,-0.0249,0.4165,-0.1376,0.8987,0.0331,0.0069,-0.0253,0.3379,-0.1157,0.934,-0.0195,1.2021,0.8468,-0.3985,-0.2618,-0.879,1,Cube1,-0.358,0.9796,0.1,Cube1,8818599595,0.0019,0.8,0.2927,345.5576,51.4249,344.8141,FingerCubeReady,TABLE_Folding,-0.0141,1.1749,-0.6099,358.7401,1.5893,355.6977,0.0076,0.0016,0.9999,359.9253,0.4721,0,-0.0306,0.0016,0.9995,359.9272,358.1974,0,Player2Face,0.009,1.2117,0.8481,0.0062,0.7951,-0.2809,348.09,224.1746,336.3342,FingerCubeReady,TABLE_Folding,2437.433,0,0,Cube1,-0.4,0.89,0,0,2398.786,2389.60692085,0.0192731035717961,0.5052,98.6841,3.4062,24.9141,28.0852,0
joint,5045,1,Responder,4,3,5,Initiator,1,1,3,2,1,0,-0.0177,1.196,0.8372,6.785,182.1693,355.6361,-0.0182,1.1942,0.8224,6.7299,182.0228,355.6071,1,-0.0297,0.0033,-0.0249,0.4158,-0.1376,0.899,0.0331,0.0069,-0.0253,0.3372,-0.1154,0.9343,-0.0194,1.2021,0.8468,-0.3974,-0.2616,-0.8796,1,Cube1,-0.3568,0.98,0.1,Cube1,8818607927,0.0019,0.8,0.2927,345.5594,51.4278,344.8126,FingerCubeReady,TABLE_Folding,-0.0141,1.1749,-0.6099,358.7401,1.5893,355.6977,0.0076,0.0016,0.9999,359.9253,0.4721,0,-0.0306,0.0016,0.9995,359.9272,358.1974,0,Player2Face,0.009,1.2117,0.8481,0.0062,0.7951,-0.2809,348.0906,224.175,336.3334,FingerCubeReady,TABLE_Folding,2437.433,0,0,Cube1,-0.4,0.89,0,0,2398.798,2389.61770435,0.0192731035717961,0.5052,98.6817,3.418,24.8432,28.0108,0
joint,5045,1,Responder,4,3,5,Initiator,1,1,3,2,1,0,-0.0177,1.196,0.8373,6.7642,182.1481,355.642,-0.0182,1.1942,0.8224,6.7312,182.0002,355.6041,1,-0.0297,0.0033,-0.0249,0.4155,-0.1382,0.899,0.0331,0.0069,-0.0253,0.3368,-0.1155,0.9344,-0.0194,1.2021,0.8468,-0.3967,-0.2619,-0.8798,1,Cube1,-0.3561,0.9797,0.1,Cube1,8818616258,0.0019,0.8,0.2927,345.5344,51.4274,344.8085,FingerCubeReady,TABLE_Folding,-0.014,1.1749,-0.6101,358.7503,1.5911,355.7019,0.0076,0.0017,0.9999,359.9176,0.4572,0,-0.0306,0.0017,0.9995,359.9191,358.214,0,Player2Face,0.0089,1.2112,0.8482,0.0062,0.7951,-0.2809,348.0906,224.175,336.3334,FingerCubeReady,TABLE_Folding,2437.444,0,0,Cube1,-0.4,0.89,0,0,2398.809,2389.62967745,0.0192731035717961,0.5052,98.6888,3.3953,24.7975,27.9849,0
joint,5045,1,Responder,4,3,5,Initiator,1,1,3,2,1,0,-0.0177,1.196,0.8373,6.7511,182.137,355.6294,-0.0181,1.1942,0.8224,6.7319,181.9751,355.6151,1,-0.0297,0.0033,-0.0249,0.4154,-0.1382,0.8991,0.0331,0.0069,-0.0253,0.3368,-0.1159,0.9344,-0.0193,1.202,0.8468,-0.3962,-0.2621,-0.88,1,Cube1,-0.3556,0.9796,0.1,Cube1,8818632921,0.0019,0.8,0.2927,345.5192,51.4152,344.8147,FingerCubeReady,TABLE_Folding,-0.0139,1.1747,-0.61,358.7549,1.6093,355.7037,0.0073,0.0016,0.9999,359.9127,0.4453,0,-0.0312,0.0016,0.9995,359.9138,358.2207,0,Player2Face,0.0086,1.2112,0.8482,0.0062,0.7951,-0.2809,348.0903,224.1763,336.3333,FingerCubeReady,TABLE_Folding,2437.456,0,0,Cube1,-0.4,0.89,0,0,2398.82,2389.64046555,0.0192731035717961,0.5052,98.6995,3.384,24.7646,27.9624,0
joint,5045,1,Responder,4,3,5,Initiator,1,1,3,2,1,0,-0.0176,1.196,0.8373,6.7474,182.136,355.6115,-0.0181,1.1942,0.8223,6.7371,181.981,355.6149,1,-0.0297,0.0033,-0.025,0.4152,-0.1382,0.8992,0.0331,0.0069,-0.0253,0.3373,-0.1161,0.9342,-0.0193,1.202,0.8468,-0.3964,-0.2623,-0.8798,1,Cube1,-0.3558,0.9794,0.1,Cube1,8818641253,0.0019,0.8,0.2927,345.5115,51.4296,344.8082,FingerCubeReady,TABLE_Folding,-0.0139,1.1747,-0.6101,358.76,1.6034,355.7074,0.0073,0.0017,0.9999,359.9095,0.4348,0,-0.0314,0.0017,0.9995,359.9103,358.2182,0,Player2Face,0.0083,1.2112,0.8482,0.0062,0.7951,-0.2809,348.0917,224.1734,336.3335,FingerCubeReady,TABLE_Folding,2437.468,0,0,Cube1,-0.4,0.89,0,0,2398.831,2389.65141855,0.0192731035717961,0.5052,98.6908,3.3735,24.775,27.9798,0
joint,5045,1,Responder,4,3,5,Initiator,1,1,3,2,1,0,-0.0176,1.196,0.8373,6.7566,182.113,355.6153,-0.0181,1.1942,0.8223,6.7487,181.9911,355.6232,1,-0.0297,0.0033,-0.025,0.4151,-0.1384,0.8992,0.0331,0.0069,-0.0253,0.3372,-0.1161,0.9342,-0.0193,1.2021,0.8467,-0.3965,-0.2625,-0.8797,1,Cube1,-0.3559,0.9793,0.1,Cube1,8818649584,0.0019,0.8,0.2927,345.5012,51.4359,344.8015,FingerCubeReady,TABLE_Folding,-0.0139,1.1747,-0.61,358.7592,1.6064,355.7047,0.0065,0.0015,1,359.9091,0.4213,0,-0.0316,0.0015,0.9995,359.9095,358.2124,0,Player2Face,0.0076,1.211,0.8481,0.0062,0.7951,-0.2808,348.0945,224.1709,336.3338,FingerCubeReady,TABLE_Folding,2437.478,0,0,Cube1,-0.4,0.89,0,0,2398.842,2389.66260645,0.0192731035717961,0.5052,98.6894,3.3619,24.7802,27.9945,0
joint,5045,1,Responder,4,3,5,Initiator,1,1,3,2,1,0,-0.0176,1.196,0.8373,6.7698,182.0987,355.6129,-0.0181,1.1943,0.8222,6.7729,182.0277,355.6585,1,-0.0297,0.0033,-0.025,0.4148,-0.1387,0.8992,0.0331,0.0069,-0.0253,0.336,-0.1167,0.9346,-0.0193,1.2021,0.8466,-0.3964,-0.2631,-0.8796,1,Cube1,-0.3558,0.9788,0.1,Cube1,8818666247,0.0019,0.8,0.2927,345.4915,51.4303,344.8089,FingerCubeReady,TABLE_Folding,-0.0138,1.1747,-0.61,358.7764,1.6033,355.7155,0.0068,0.0022,1,359.8926,0.3975,0,-0.0318,0.0022,0.9994,359.8937,358.1951,0,Player2Face,0.0075,1.2116,0.848,0.0062,0.7951,-0.2809,348.0907,224.1693,336.3394,FingerCubeReady,TABLE_Folding,2437.5,0,0,Cube1,-0.4,0.89,0,0,2398.854,2389.67375245,0.0192731035717961,0.5052,98.6931,3.3308,24.7702,28.0107,0
joint,5045,1,Responder,4,3,5,Initiator,1,1,3,2,1,0,-0.0176,1.196,0.8373,6.7936,182.1127,355.6234,-0.0181,1.1943,0.8222,6.7854,182.0479,355.6509,1,-0.0297,0.0033,-0.025,0.4146,-0.1386,0.8994,0.0331,0.0069,-0.0253,0.3352,-0.1165,0.9349,-0.0193,1.2021,0.8466,-0.3962,-0.2632,-0.8796,1,Cube1,-0.3556,0.9788,0.1,Cube1,8818674579,0.0018,0.8,0.2927,345.4891,51.4352,344.7945,FingerCubeReady,TABLE_Folding,-0.0138,1.1747,-0.61,358.7764,1.6033,355.7155,0.0068,0.0022,1,359.8926,0.3975,0,-0.0318,0.0022,0.9994,359.8937,358.1951,0,Player2Face,0.0075,1.2116,0.848,0.0062,0.795,-0.2809,348.0923,224.1709,336.3421,FingerCubeReady,TABLE_Folding,2437.5,0,0,Cube1,-0.4,0.89,0,0,2398.865,2389.68521235,0.0192731035717961,0.5052,98.695,3.327,24.7578,28.0026,0
joint,5045,1,Responder,4,3,5,Initiator,1,1,3,2,1,0,-0.0176,1.196,0.8372,6.8164,182.1222,355.6354,-0.0182,1.1942,0.8222,6.7917,182.0704,355.6448,1,-0.0297,0.0033,-0.025,0.4144,-0.1391,0.8994,0.0331,0.0069,-0.0253,0.3354,-0.1163,0.9348,-0.0193,1.2021,0.8466,-0.3965,-0.2634,-0.8794,1,Cube1,-0.356,0.9785,0.1,Cube1,8818682910,0.0018,0.8,0.2927,345.4855,51.436,344.7994,FingerCubeReady,TABLE_Folding,-0.0138,1.1746,-0.6101,358.7585,1.6085,355.714,0.0068,0.0019,1,359.8884,0.3935,0,-0.0318,0.0019,0.9995,359.8893,358.1881,0,Player2Face,0.0076,1.2116,0.8481,0.0062,0.795,-0.2809,348.0923,224.1709,336.3421,FingerCubeReady,TABLE_Folding,2437.511,0,0,Cube1,-0.4,0.89,0,0,2398.875,2389.69581665,0.0192731035717961,0.5052,98.6937,3.3113,24.7759,28.0311,0
joint,5045,1,Responder,4,3,5,Initiator,1,1,3,2,1,0,-0.0176,1.196,0.8372,6.8437,182.1358,355.6449,-0.0182,1.1942,0.8222,6.7923,182.1195,355.646,1,-0.0297,0.0033,-0.025,0.4144,-0.1393,0.8993,0.0331,0.0069,-0.0253,0.3354,-0.1154,0.935,-0.0194,1.2021,0.8467,-0.3973,-0.2631,-0.8792,1,Cube1,-0.3568,0.9787,0.1,Cube1,8818699573,0.0018,0.8,0.2927,345.4733,51.4335,344.8011,FingerCubeReady,TABLE_Folding,-0.0137,1.1748,-0.6101,358.7334,1.5993,355.7567,-0.0008,-0.0025,0.9998,359.9406,0.3165,0,-0.0378,-0.0025,0.9992,359.9353,358.1286,0,Player2Face,-0.0032,1.2065,0.8477,0.0062,0.7951,-0.2809,348.0939,224.1706,336.3413,FingerCubeReady,TABLE_Folding,2437.533,0,0,Cube1,-0.4,0.89,0,0,2398.886,2389.70706375,0.0192731035717961,0.5052,98.6968,3.3316,24.8282,28.0693,0
joint,5045,1,Responder,4,3,5,Initiator,1,1,3,2,1,0,-0.0177,1.1961,0.8371,6.8801,182.1605,355.6522,-0.0182,1.1942,0.8222,6.8019,182.1427,355.6381,1,-0.0297,0.0033,-0.025,0.4148,-0.1399,0.8991,0.0331,0.0069,-0.0253,0.3356,-0.1158,0.9348,-0.0194,1.2021,0.8467,-0.3979,-0.2638,-0.8787,1,Cube1,-0.3575,0.9779,0.1,Cube1,8818707905,0.0018,0.8,0.2927,345.4081,51.4486,344.7915,FingerCubeReady,TABLE_Folding,-0.0137,1.1748,-0.6101,358.7334,1.5993,355.7567,-0.0008,-0.0025,0.9998,359.9406,0.3165,0,-0.0378,-0.0025,0.9992,359.9353,358.1286,0,Player2Face,-0.0032,1.2065,0.8477,0.0062,0.7951,-0.2809,348.0997,224.1677,336.3375,FingerCubeReady,TABLE_Folding,2437.533,0,0,Cube1,-0.4,0.89,0,0,2398.899,2389.71898365,0.0192731035717961,0.5052,98.7015,3.2911,24.8592,28.1268,0
joint,5045,1,Responder,4,3,5,Initiator,1,1,3,2,1,0,-0.0177,1.1961,0.8371,6.8888,182.1809,355.6369,-0.0183,1.1942,0.8222,6.8071,182.1611,355.6293,1,-0.0297,0.0033,-0.025,0.4143,-0.14,0.8993,0.0331,0.0068,-0.0253,0.3351,-0.116,0.935,-0.0194,1.2021,0.8467,-0.3977,-0.264,-0.8787,1,Cube1,-0.3573,0.9778,0.1,Cube1,8818716236,0.0018,0.8,0.2927,345.3581,51.4836,344.7771,FingerCubeReady,TABLE_Folding,-0.0139,1.1749,-0.6102,358.6621,1.5908,355.7701,0.0026,-0.0063,0.9998,0.1139,0.1666,0,-0.0352,-0.0063,0.9994,0.0991,358.0235,0,Player2Face,0.0006,1.2025,0.8492,0.0062,0.7951,-0.2809,348.0997,224.1677,336.3375,FingerCubeReady,TABLE_Folding,2437.556,0,0,Cube1,-0.4,0.89,0,0,2398.909,2389.72986615,0.0192731035717961,0.5052,98.6878,3.2769,24.8419,28.1163,0
joint,5045,1,Responder,4,3,5,Initiator,1,1,3,2,1,0,-0.0177,1.1961,0.837,6.8969,182.214,355.6098,-0.0183,1.1942,0.8223,6.8039,182.1795,355.6204,1,-0.0297,0.0033,-0.025,0.4133,-0.14,0.8998,0.0331,0.0068,-0.0253,0.3346,-0.1157,0.9352,-0.0194,1.2021,0.8468,-0.3972,-0.2639,-0.879,1,Cube1,-0.3568,0.9779,0.1,Cube1,8818732899,0.0018,0.8,0.2927,345.1807,51.5209,344.6835,FingerCubeReady,TABLE_Folding,-0.0139,1.1749,-0.6102,358.6621,1.5908,355.7701,0.0026,-0.0063,0.9998,0.1139,0.1666,0,-0.0352,-0.0063,0.9994,0.0991,358.0235,0,Player2Face,0.0006,1.2025,0.8492,0.0062,0.7952,-0.2809,348.1024,224.1678,336.3304,FingerCubeReady,TABLE_Folding,2437.556,0,0,Cube1,-0.4,0.89,0,0,2398.92,2389.74071915,0.0192731035717961,0.5052,98.7319,3.2827,24.8144,28.0849,0
joint,5045,1,Responder,4,3,5,Initiator,1,1,3,2,1,0,-0.0177,1.1961,0.837,6.9077,182.2463,355.5844,-0.0183,1.1942,0.8223,6.7971,182.181,355.6224,1,-0.0297,0.0033,-0.025,0.4131,-0.1401,0.8998,0.0331,0.0068,-0.0253,0.3348,-0.1159,0.9351,-0.0194,1.2021,0.8468,-0.3972,-0.2639,-0.879,1,Cube1,-0.3569,0.9779,0.1,Cube1,8818741231,0.0018,0.8,0.2927,345.0193,51.5357,344.6067,FingerCubeReady,TABLE_Folding,-0.0139,1.175,-0.6102,358.6592,1.5774,355.7458,0.0025,-0.0043,0.9999,0.1833,0.149,0,-0.0354,-0.0043,0.9994,0.1693,358.0018,0,Player2Face,0.0002,1.2055,0.8483,0.0062,0.7952,-0.2809,348.1024,224.1678,336.3304,FingerCubeReady,TABLE_Folding,2437.567,0,0,Cube1,-0.4,0.89,0,0,2398.931,2389.75166595,0.0192731035717961,0.5052,98.7867,3.2807,24.8165,28.0898,0
joint,5045,1,Responder,4,3,5,Initiator,1,1,3,2,1,0,-0.0177,1.1961,0.8369,6.9275,182.2903,355.5605,-0.0183,1.1942,0.8223,6.7895,182.1772,355.6282,1,-0.0297,0.0033,-0.025,0.4132,-0.1399,0.8998,0.0331,0.0068,-0.0253,0.3347,-0.116,0.9351,-0.0194,1.2021,0.8468,-0.3972,-0.2637,-0.879,1,Cube1,-0.3568,0.978,0.1,Cube1,8818749562,0.0018,0.8001,0.2927,344.7205,51.5728,344.4523,FingerCubeReady,TABLE_Folding,-0.0139,1.1749,-0.6101,358.6359,1.5791,355.7411,0.0044,-0.0042,0.9999,0.225,0.174,0,-0.0349,-0.0042,0.9994,0.2187,357.9888,0,Player2Face,0.0021,1.206,0.8485,0.0062,0.7952,-0.2809,348.1053,224.1684,336.3279,FingerCubeReady,TABLE_Folding,2437.589,0,0,Cube1,-0.4,0.89,0,0,2398.943,2389.76297265,0.0192731035717961,0.5052,98.8854,3.2913,24.8152,28.0801,0
joint,5045,1,Responder,4,3,5,Initiator,1,1,3,2,1,0,-0.0177,1.1961,0.8369,6.9473,182.3355,355.5638,-0.0182,1.1942,0.8224,6.7688,182.1528,355.6407,1,-0.0297,0.0033,-0.0251,0.413,-0.1397,0.8999,0.0331,0.0068,-0.0253,0.3348,-0.1158,0.9352,-0.0194,1.2021,0.8469,-0.3968,-0.2631,-0.8794,1,Cube1,-0.3564,0.9786,0.1,Cube1,8818766226,0.0018,0.8001,0.2927,344.3087,51.6407,344.199,FingerCubeReady,TABLE_Folding,-0.0139,1.1749,-0.6101,358.6359,1.5791,355.7411,0.0044,-0.0042,0.9999,0.225,0.174,0,-0.0349,-0.0042,0.9994,0.2187,357.9888,0,Player2Face,0.0021,1.206,0.8485,0.0062,0.7952,-0.2808,348.1062,224.165,336.3296,FingerCubeReady,TABLE_Folding,2437.589,0,0,Cube1,-0.4,0.89,0,0,2398.954,2389.77413425,0.0192731035717961,0.5052,99.0248,3.3234,24.7949,28.0382,0
joint,5045,1,Responder,4,3,5,Initiator,1,1,3,2,1,0,-0.0177,1.1961,0.8368,6.9672,182.3649,355.5746,-0.0182,1.1942,0.8224,6.7573,182.1423,355.6353,1,-0.0297,0.0033,-0.0251,0.4133,-0.1401,0.8997,0.0331,0.0068,-0.0253,0.3338,-0.1159,0.9355,-0.0194,1.2021,0.8469,-0.3963,-0.2632,-0.8796,1,Cube1,-0.3558,0.9786,0.1,Cube1,8818774557,0.0018,0.8001,0.2926,343.0767,52.2385,343.2516,FingerCubeReady,TABLE_Folding,-0.0139,1.1749,-0.6102,358.6389,1.5685,355.754,0.0045,-0.0055,0.9998,0.2449,0.2017,0,-0.0342,-0.0055,0.9994,0.2399,357.9969,0,Player2Face,0.0024,1.2039,0.849,0.0062,0.7952,-0.2808,348.1062,224.165,336.3296,FingerCubeReady,TABLE_Folding,2437.601,0,0,Cube1,-0.4,0.89,0,0,2398.965,2389.78587545,0.0192731035717961,0.5051,99.1765,3.3194,24.7617,28.008,0
joint,5045,1,Responder,4,3,5,Initiator,1,1,3,2,1,0,-0.0177,1.1961,0.8367,6.9786,182.4146,355.5894,-0.0182,1.1942,0.8224,6.75,182.1367,355.6241,1,-0.0298,0.0033,-0.0251,0.4123,-0.1402,0.9002,0.0331,0.0068,-0.0253,0.3334,-0.1154,0.9357,-0.0193,1.2021,0.8469,-0.3955,-0.263,-0.88,1,Cube1,-0.355,0.9789,0.1,Cube1,8818782889,0.0017,0.8001,0.2925,342.2603,52.6146,342.7986,FingerCubeReady,TABLE_Folding,-0.014,1.1748,-0.6101,358.6422,1.5381,355.7833,0.0048,-0.0046,0.9998,0.2679,0.2452,0,-0.0346,-0.0046,0.9994,0.2613,358.0165,0,Player2Face,0.0017,1.2051,0.8484,0.0062,0.7952,-0.2808,348.1056,224.1622,336.3286,FingerCubeReady,TABLE_Folding,2437.623,0,0,Cube1,-0.4,0.89,0,0,2398.976,2389.79654015,0.0192731035717961,0.505,99.2373,3.333,24.7148,27.9515,0
joint,5045,1,Responder,4,3,5,Initiator,1,1,3,2,1,0,-0.0177,1.1961,0.8366,6.9854,182.4497,355.5644,-0.0182,1.1942,0.8224,6.7547,182.1176,355.6145,1,-0.0298,0.0033,-0.0251,0.4114,-0.1401,0.9006,0.0331,0.0068,-0.0252,0.3327,-0.1148,0.936,-0.0193,1.2021,0.8469,-0.3944,-0.2627,-0.8806,1,Cube1,-0.3538,0.9793,0.1,Cube1,8818799552,0.0016,0.8002,0.2922,341.0446,53.1299,342.5973,FingerCubeReady,TABLE_Folding,-0.014,1.1748,-0.6101,358.6564,1.5253,355.7958,0.0049,-0.0036,0.9998,0.2577,0.2595,0,-0.0346,-0.0036,0.9994,0.2525,358.0171,0,Player2Face,0.0017,1.2061,0.8481,0.0062,0.7952,-0.2808,348.1062,224.1613,336.3307,FingerCubeReady,TABLE_Folding,2437.634,0,0,Cube1,-0.4,0.89,0,0,2398.987,2389.80792385,0.0192731035717961,0.5047,99.1763,3.3473,24.6494,27.8831,0
joint,5045,1,Responder,4,3,5,Initiator,1,1,3,2,1,0,-0.0177,1.196,0.8366,6.9968,182.486,355.5222,-0.0182,1.1942,0.8224,6.7638,182.1052,355.614,1,-0.0298,0.0033,-0.0251,0.4105,-0.1401,0.901,0.0331,0.0068,-0.0252,0.3322,-0.1142,0.9363,-0.0193,1.2021,0.8469,-0.3935,-0.2626,-0.881,1,Cube1,-0.3529,0.9795,0.1,Cube1,8818807883,0.0006,0.8019,0.2912,338.3515,53.7773,342.8699,FingerCubeReady,TABLE_Folding,-0.014,1.1748,-0.6101,358.6755,1.5087,355.8155,0.0047,-0.0027,0.9999,0.2336,0.2668,0,-0.0346,-0.0027,0.9993,0.2318,358.0171,0,Player2Face,0.0011,1.2069,0.8477,0.0062,0.7951,-0.2808,348.1046,224.1602,336.3357,FingerCubeReady,TABLE_Folding,2437.645,0,0,Cube1,-0.4,0.89,0,0,2398.999,2389.81904565,0.0192731035717961,0.5031,99.1157,3.3583,24.598,27.8302,1
joint,5045,1,Responder,4,3,5,Initiator,1,1,3,2,1,0,-0.0178,1.196,0.8365,7.0081,182.5085,355.4643,-0.0182,1.1942,0.8224,6.7765,182.1027,355.6159,1,-0.0298,0.0034,-0.0251,0.4094,-0.1406,0.9014,0.0331,0.0068,-0.0252,0.3319,-0.1142,0.9364,-0.0193,1.2021,0.8468,-0.3928,-0.2629,-0.8812,1,Cube1,-0.3522,0.9792,0.1,Cube1,8818816215,-0.0004,0.8036,0.2903,337.0014,54.0809,343.0515,FingerCubeReady,TABLE_Folding,-0.014,1.1748,-0.6101,358.6755,1.5087,355.8155,0.0047,-0.0027,0.9999,0.2336,0.2668,0,-0.0346,-0.0027,0.9993,0.2318,358.0171,0,Player2Face,0.0011,1.2069,0.8477,0.0062,0.7951,-0.2809,348.1047,224.159,336.3358,FingerCubeReady,TABLE_Folding,2437.645,0,0,Cube1,-0.4,0.89,0,0,2399.01,2389.83021165,0.0192731035717961,0.5014,99.0454,3.3388,24.551,27.8033,1
joint,5045,1,Responder,4,3,5,Initiator,1,1,3,2,1,0,-0.0177,1.196,0.8365,7.0365,182.5488,355.4078,-0.0182,1.1942,0.8224,6.8117,182.1203,355.633,1,-0.0298,0.0034,-0.0251,0.4085,-0.1405,0.9019,0.0331,0.0068,-0.0252,0.3325,-0.1146,0.9361,-0.0193,1.2021,0.8468,-0.3929,-0.2635,-0.881,1,Cube1,-0.3524,0.9788,0.1,Cube1,8818832878,-0.0016,0.8063,0.2888,335.5945,54.378,343.2863,FingerCubeReady,TABLE_Folding,-0.014,1.1747,-0.6101,358.6811,1.5164,355.8256,0.0051,-0.0026,0.9999,0.2044,0.2738,0,-0.0345,-0.0026,0.9993,0.2054,358.0174,0,Player2Face,0.0017,1.2069,0.8477,0.0062,0.7951,-0.2809,348.1047,224.159,336.3358,FingerCubeReady,TABLE_Folding,2437.657,0,0,Cube1,-0.4,0.89,0,0,2399.021,2389.84138745,0.0192731035717961,0.4992,98.9713,3.308,24.5539,27.8265,1
joint,5045,1,Responder,4,3,5,Initiator,1,1,3,2,1,0,-0.0178,1.196,0.8365,7.0748,182.5708,355.3573,-0.0182,1.1942,0.8224,6.8314,182.1297,355.6406,1,-0.0298,0.0034,-0.0251,0.4084,-0.1404,0.9019,0.0331,0.0068,-0.0252,0.3327,-0.1148,0.936,-0.0193,1.2021,0.8468,-0.3932,-0.2639,-0.8808,1,Cube1,-0.3527,0.9784,0.1,Cube1,8818841209,-0.0029,0.8096,0.287,334.2294,54.5243,343.6932,FingerCubeReady,TABLE_Folding,-0.014,1.1747,-0.6102,358.7201,1.4913,355.8238,0.0053,-0.0013,0.9999,0.1499,0.2924,0,-0.0335,-0.0013,0.9994,0.1536,358.0367,0,Player2Face,0.0021,1.2079,0.8473,0.0062,0.7952,-0.2809,348.1057,224.1588,336.3321,FingerCubeReady,TABLE_Folding,2437.679,0,0,Cube1,-0.4,0.89,0,0,2399.032,2389.85225665,0.0192731035717961,0.4965,98.9209,3.2872,24.5655,27.8504,1
joint,5045,1,Responder,4,3,5,Initiator,1,1,3,2,1,0,-0.0179,1.196,0.8364,7.0869,182.5979,355.3332,-0.0182,1.1943,0.8223,6.8536,182.1425,355.6469,1,-0.0298,0.0034,-0.0251,0.4086,-0.1399,0.9019,0.0331,0.0068,-0.0252,0.3335,-0.1146,0.9358,-0.0193,1.2022,0.8468,-0.3938,-0.2639,-0.8805,1,Cube1,-0.3534,0.9784,0.1,Cube1,8818849541,-0.0065,0.8178,0.2822,331.8939,54.702,344.8486,FingerCubeReady,TABLE_Folding,-0.014,1.1747,-0.6102,358.7201,1.4913,355.8238,0.0053,-0.0013,0.9999,0.1499,0.2924,0,-0.0335,-0.0013,0.9994,0.1536,358.0367,0,Player2Face,0.0021,1.2079,0.8473,0.0062,0.7951,-0.2808,348.1043,224.1431,336.3405,FingerCubeReady,TABLE_Folding,2437.679,0,0,Cube1,-0.4,0.89,0,0,2399.043,2389.86361515,0.0192731035717961,0.4896,98.6197,3.2879,24.6094,27.8883,1
joint,5045,1,Responder,4,3,5,Initiator,1,1,3,2,1,0,-0.018,1.196,0.8364,7.127,182.6188,355.3493,-0.0183,1.1943,0.8222,6.8865,182.1755,355.6409,1,-0.0298,0.0034,-0.0251,0.4091,-0.1393,0.9018,0.0331,0.0068,-0.0251,0.3329,-0.114,0.936,-0.0194,1.2022,0.8466,-0.3943,-0.2638,-0.8803,1,Cube1,-0.3539,0.9785,0.1,Cube1,8818866204,-0.0087,0.8232,0.2795,330.4903,54.847,345.5548,FingerCubeReady,TABLE_Folding,-0.014,1.1746,-0.6101,358.7306,1.4798,355.8177,0.0052,-0.0005,0.9999,0.0837,0.2988,0,-0.0334,-0.0005,0.9994,0.0889,358.0675,0,Player2Face,0.0017,1.209,0.8469,0.0062,0.7951,-0.2808,348.1043,224.1431,336.3405,FingerCubeReady,TABLE_Folding,2437.701,0,0,Cube1,-0.4,0.89,0,0,2399.054,2389.87454615,0.0192731035717961,0.4855,98.3427,3.2949,24.6438,27.9114,1
joint,5045,1,Responder,4,3,5,Initiator,1,1,3,2,1,0,-0.0181,1.196,0.8364,7.1279,182.6335,355.3555,-0.0183,1.1943,0.8221,6.8929,182.1975,355.6233,1,-0.0298,0.0034,-0.0251,0.4086,-0.1392,0.902,0.0331,0.0068,-0.0251,0.3331,-0.1138,0.936,-0.0194,1.2022,0.8466,-0.3945,-0.2639,-0.8802,1,Cube1,-0.354,0.9784,0.1,Cube1,8818874535,-0.0148,0.8344,0.2723,327.106,55.9849,346.5974,FingerCubeReady,TABLE_Folding,-0.014,1.1746,-0.6101,358.7306,1.4798,355.8177,0.0052,-0.0005,0.9999,0.0837,0.2988,0,-0.0334,-0.0005,0.9994,0.0889,358.0675,0,Player2Face,0.0017,1.209,0.8469,0.0062,0.7951,-0.2808,348.1078,224.1316,336.3416,FingerCubeReady,TABLE_Folding,2437.701,0,0,Cube1,-0.4,0.89,0,0,2399.066,2389.88616885,0.0192731035717961,0.475,97.2887,3.2935,24.6522,27.9198,1
joint,5045,1,Responder,4,3,5,Initiator,1,1,3,2,1,0,-0.0182,1.196,0.8364,7.1256,182.6447,355.3149,-0.0182,1.1943,0.8221,6.9082,182.2476,355.5837,1,-0.0298,0.0034,-0.0251,0.4083,-0.1388,0.9022,0.0331,0.0068,-0.0251,0.3336,-0.1132,0.9359,-0.0193,1.2022,0.8465,-0.3953,-0.2639,-0.8799,1,Cube1,-0.3547,0.9783,0.1,Cube1,8818891198,-0.0184,0.8395,0.2678,325.4261,56.76,347.2702,FingerCubeReady,TABLE_Folding,-0.014,1.1746,-0.6103,358.7338,1.4678,355.8106,0.0053,0.0005,0.9999,0.0313,0.2991,0,-0.0339,0.0005,0.9993,0.0362,358.0676,0,Player2Face,0.0013,1.2104,0.8463,0.0062,0.7951,-0.2808,348.1078,224.1316,336.3416,FingerCubeReady,TABLE_Folding,2437.723,0,0,Cube1,-0.4,0.89,0,0,2399.077,2389.89748525,0.0192731035717961,0.4689,96.4952,3.2922,24.697,27.9621,1
joint,5045,1,Responder,4,3,5,Initiator,1,1,3,2,1,0,-0.0183,1.1961,0.8364,7.1405,182.6594,355.251,-0.0183,1.1943,0.8221,6.9229,182.28,355.5661,1,-0.0298,0.0034,-0.0251,0.4086,-0.1387,0.9021,0.0331,0.0068,-0.0251,0.3336,-0.112,0.936,-0.0193,1.2022,0.8465,-0.396,-0.2636,-0.8796,1,Cube1,-0.3553,0.9785,0.1,Cube1,8818899530,-0.0225,0.8456,0.2629,323.581,57.567,347.9368,,TABLE_Folding,-0.0141,1.1746,-0.6102,358.73,1.4823,355.8055,0.0046,0.0009,0.9999,0.0046,0.2936,0,-0.0347,0.0009,0.9993,0.0095,358.0574,0,Player2Face,0.0005,1.211,0.8461,0.0062,0.7951,-0.2808,348.1086,224.1211,336.3538,FingerCubeReady,TABLE_Folding,2437.735,0,0,Cube1,-0.4,0.89,0,1,2399.088,2389.90827055,0.0192731035717961,0.4622,95.6452,3.3072,24.7418,27.9914,1
joint,5045,1,Responder,4,3,5,Initiator,1,1,3,2,1,0,-0.0184,1.196,0.8364,7.1893,182.6731,355.1924,-0.0183,1.1943,0.822,6.9376,182.3133,355.5622,1,-0.0298,0.0034,-0.0251,0.4081,-0.1391,0.9023,0.0331,0.0068,-0.0251,0.3336,-0.1117,0.9361,-0.0193,1.2022,0.8464,-0.3962,-0.2638,-0.8794,1,Cube1,-0.3556,0.9783,0.1,Cube1,8818907861,-0.0316,0.8576,0.2521,320.2883,59.2695,349.2877,,Cube2,-0.0141,1.1746,-0.6102,358.73,1.4823,355.8055,0.0046,0.0009,0.9999,0.0046,0.2936,0,-0.0347,0.0009,0.9993,0.0095,358.0574,0,Player2Face,0.0005,1.211,0.8461,0.0062,0.7951,-0.2808,348.1131,224.1125,336.3503,FingerCubeReady,TABLE_Folding,2437.735,0,0,Cube1,-0.4,0.89,0,1,2399.099,2389.91930035,0.0192731035717961,0.4476,93.7885,3.2956,24.7566,28.0136,1
joint,5045,1,Responder,4,3,5,Initiator,1,1,3,2,1,0,-0.0185,1.196,0.8364,7.2446,182.6901,355.1425,-0.0183,1.1943,0.8219,6.9663,182.3635,355.5741,1,-0.0298,0.0034,-0.0251,0.4079,-0.1382,0.9025,0.0331,0.0068,-0.0251,0.3335,-0.1108,0.9362,-0.0193,1.2022,0.8463,-0.3969,-0.2633,-0.8793,1,Cube1,-0.3562,0.9787,0.1,Cube1,8818924524,-0.0368,0.8638,0.2469,318.8763,59.9417,350.1107,,Cube2,-0.0141,1.1746,-0.6102,358.7375,1.4761,355.8218,0.0044,0.0013,0.9999,359.9792,0.2824,0,-0.0346,0.0013,0.9993,359.984,358.0447,0,Player2Face,0.0003,1.2114,0.8459,0.0062,0.7951,-0.2808,348.1131,224.1125,336.3503,FingerCubeReady,TABLE_Folding,2437.746,0,0,Cube1,-0.4,0.89,0,1,2399.11,2389.93070525,0.0192731035717961,0.44,92.8166,3.3278,24.8023,28.0322,1
joint,5045,1,Responder,4,3,5,Initiator,1,1,3,2,1,0,-0.0186,1.1959,0.8364,7.2904,182.7045,355.1093,-0.0183,1.1942,0.8219,6.9755,182.4011,355.5854,1,-0.0298,0.0034,-0.0251,0.4082,-0.1373,0.9025,0.0331,0.0068,-0.0251,0.3328,-0.1101,0.9365,-0.0193,1.2022,0.8462,-0.3974,-0.2627,-0.8792,1,Cube1,-0.3566,0.9793,0.1,Cube1,8818932856,-0.042,0.8699,0.2412,317.6393,60.6004,350.9532,,Cube2,-0.0142,1.1746,-0.6103,358.7278,1.485,355.8208,0.004,0.001,0.9999,359.9616,0.268,0,-0.035,0.001,0.9993,359.9656,358.0309,0,Player2Face,-0.0001,1.2111,0.8459,0.0062,0.7951,-0.2807,348.1065,224.1052,336.3548,FingerCubeReady,TABLE_Folding,2437.757,0,0,Cube1,-0.4,0.89,0,1,2399.121,2389.94177435,0.0192731035717961,0.4321,91.8481,3.3682,24.8387,28.037,1
joint,5045,1,Responder,4,3,5,Initiator,1,1,3,2,1,0,-0.0187,1.1959,0.8365,7.3108,182.7158,355.0965,-0.0183,1.1942,0.8218,6.9819,182.4314,355.5774,1,-0.0298,0.0033,-0.025,0.4083,-0.1362,0.9026,0.0331,0.0068,-0.025,0.3327,-0.11,0.9366,-0.0193,1.2022,0.8461,-0.3979,-0.2622,-0.8792,1,Cube1,-0.357,0.9797,0.1,Cube1,8818941188,-0.0538,0.8834,0.2298,315.5425,61.5006,353.1741,,Cube2,-0.0141,1.1746,-0.6103,358.744,1.4747,355.8268,0.0039,0.0005,0.9999,359.9598,0.2452,0,-0.0363,0.0005,0.9992,359.9611,357.9894,0,Player2Face,-0.0014,1.2101,0.846,0.0062,0.7951,-0.2807,348.1092,224.1021,336.3484,FingerCubeReady,TABLE_Folding,2437.775,0,0,Cube1,-0.4,0.89,0,1,2399.133,2389.95281425,0.0192731035717961,0.4156,89.8018,3.3978,24.8709,28.0476,1
joint,5045,1,Responder,4,3,5,Initiator,1,1,3,2,1,0,-0.0188,1.1959,0.8365,7.3305,182.728,355.0812,-0.0183,1.1942,0.8217,6.9964,182.4846,355.5237,1,-0.0298,0.0033,-0.025,0.4087,-0.1356,0.9025,0.0331,0.0068,-0.025,0.3323,-0.1093,0.9368,-0.0193,1.2022,0.846,-0.3986,-0.2622,-0.8788,1,Cube1,-0.3577,0.9796,0.1,Cube1,8818957851,-0.06,0.8901,0.2238,314.5851,61.8996,354.334,,Cube2,-0.0141,1.1746,-0.6103,358.744,1.4747,355.8268,0.0039,0.0005,0.9999,359.9598,0.2452,0,-0.0363,0.0005,0.9992,359.9611,357.9894,0,Player2Face,-0.0014,1.2101,0.846,0.0062,0.7951,-0.2808,348.1148,224.115,336.341,FingerCubeReady,TABLE_Folding,2437.775,0,0,Cube1,-0.4,0.89,0,1,2399.144,2389.96415975,0.0192731035717961,0.4071,88.7925,3.4023,24.9166,28.0888,1
joint,5045,1,Responder,4,3,5,Initiator,1,1,3,2,1,0,-0.0188,1.1959,0.8366,7.3375,182.7486,355.0544,-0.0184,1.1942,0.8217,7.0048,182.502,355.4811,1,-0.0298,0.0033,-0.025,0.4091,-0.1351,0.9024,0.0331,0.0068,-0.025,0.3325,-0.1089,0.9368,-0.0193,1.2021,0.846,-0.3992,-0.2621,-0.8786,1,Cube1,-0.3582,0.9796,0.1,Cube1,8818966182,-0.0668,0.8971,0.2176,313.6915,62.2829,355.5149,,Cube2,-0.0143,1.1746,-0.6102,358.7526,1.4885,355.8473,0.0038,-0.0007,0.9999,359.9935,0.222,0,-0.0371,-0.0007,0.9992,359.9911,357.932,0,Player2Face,-0.0019,1.2081,0.8465,0.0062,0.7951,-0.2808,348.1148,224.115,336.341,FingerCubeReady,TABLE_Folding,2437.8,0,0,Cube1,-0.4,0.89,0,1,2399.155,2389.97553925,0.0192731035717961,0.3981,87.7639,3.4064,24.95,28.1145,1
joint,5045,1,Responder,4,3,5,Initiator,1,1,3,2,1,0,-0.0189,1.1959,0.8367,7.3409,182.7656,355.0059,-0.0184,1.1942,0.8216,7.021,182.5269,355.4386,1,-0.0298,0.0033,-0.025,0.41,-0.134,0.9022,0.0331,0.0068,-0.025,0.3329,-0.1082,0.9367,-0.0194,1.2021,0.8459,-0.4001,-0.2617,-0.8783,1,Cube1,-0.3592,0.9798,0.1,Cube1,8818974514,-0.081,0.9092,0.2045,312.079,63.3728,357.6486,,Cube2,-0.0143,1.1746,-0.6102,358.7502,1.4812,355.8361,0.0042,-0.0001,0.9999,0.0049,0.2227,0,-0.0371,-0.0001,0.9992,0.0026,357.9114,0,Player2Face,-0.0016,1.2089,0.8463,0.0062,0.7951,-0.2808,348.1203,224.1135,336.3341,FingerCubeReady,TABLE_Folding,2437.811,0,0,Cube1,-0.4,0.89,0,1,2399.166,2389.98627135,0.0192731035717961,0.3794,85.6412,3.4338,25.0116,28.1538,1
joint,5045,1,Responder,4,3,5,Initiator,1,1,3,2,1,0,-0.0189,1.1959,0.8367,7.3364,182.7953,354.9711,-0.0185,1.1942,0.8216,7.0738,182.5703,355.3586,1,-0.0298,0.0033,-0.0249,0.4099,-0.1327,0.9024,0.033,0.0068,-0.025,0.3325,-0.1082,0.9369,-0.0194,1.2021,0.8458,-0.4003,-0.2625,-0.878,1,Cube1,-0.3595,0.9792,0.1,Cube1,8818991177,-0.0886,0.9152,0.1981,311.1493,64.0079,358.5702,,Cube2,-0.0143,1.1746,-0.6101,358.7419,1.4873,355.8482,0.0043,-0.0002,0.9999,0.0085,0.229,0,-0.0368,-0.0002,0.9993,0.007,357.8997,0,Player2Face,-0.0012,1.209,0.8463,0.0062,0.7951,-0.2808,348.1182,224.1127,336.3348,FingerCubeReady,TABLE_Folding,2437.823,0,0,Cube1,-0.4,0.89,0,1,2399.177,2389.99746405,0.0192731035717961,0.3699,84.5565,3.3949,25.023,28.1923,1
joint,5045,1,Responder,4,3,5,Initiator,1,1,3,2,1,0,-0.0189,1.1959,0.8367,7.3326,182.8181,354.9621,-0.0185,1.1942,0.8216,7.0834,182.59,355.3402,1,-0.0298,0.0033,-0.0249,0.4106,-0.1318,0.9022,0.033,0.0068,-0.025,0.3324,-0.108,0.9369,-0.0195,1.2021,0.8458,-0.401,-0.2622,-0.8778,1,Cube1,-0.3601,0.9793,0.1,Cube1,8818999508,-0.0964,0.9207,0.1911,310.1365,64.8258,359.3006,,Cube2,-0.0144,1.1745,-0.6102,358.743,1.4897,355.8559,0.0041,-0.0002,0.9999,0.0097,0.2331,0,-0.0371,-0.0002,0.9992,0.0088,357.8921,0,Player2Face,-0.0016,1.2089,0.8463,0.0062,0.7952,-0.2808,348.1249,224.1161,336.3202,FingerCubeReady,TABLE_Folding,2437.833,0,0,Cube1,-0.4,0.89,0,1,2399.188,2390.00889795,0.0192731035717961,0.36,83.5022,3.4137,25.0646,28.2148,1
joint,5045,1,Responder,4,3,5,Initiator,1,1,3,2,1,0,-0.0189,1.1959,0.8367,7.3225,182.843,354.9523,-0.0186,1.1941,0.8216,7.1053,182.6075,355.3406,1,-0.0298,0.0033,-0.0249,0.41,-0.1307,0.9027,0.033,0.0068,-0.025,0.3328,-0.1069,0.9369,-0.0195,1.2021,0.8458,-0.4012,-0.2614,-0.8779,1,Cube1,-0.3604,0.98,0.1,Cube1,8819007840,-0.1131,0.9309,0.1774,307.9328,66.6873,0.5488,,Cube2,-0.0144,1.1745,-0.6102,358.746,1.4852,355.8573,0.004,-0.0003,0.9999,0.0113,0.234,0,-0.0362,-0.0003,0.9993,0.0107,357.8936,0,Player2Face,-0.001,1.2086,0.8465,0.0062,0.7952,-0.2808,348.1264,224.1205,336.3122,FingerCubeReady,TABLE_Folding,2437.845,0,0,Cube1,-0.4,0.89,0,1,2399.2,2390.01983645,0.0192731035717961,0.3398,81.2543,3.4604,25.0905,28.2061,1
joint,5045,1,Responder,4,3,5,Initiator,1,1,3,2,1,0,-0.0189,1.1959,0.8367,7.3004,182.8752,354.9429,-0.0188,1.1942,0.8215,7.1278,182.6324,355.355,1,-0.0298,0.0033,-0.0249,0.4103,-0.1289,0.9028,0.033,0.0068,-0.0249,0.3322,-0.1065,0.9371,-0.0197,1.2021,0.8457,-0.4016,-0.2606,-0.8779,1,Cube1,-0.3608,0.9807,0.1,Cube1,8819024503,-0.1214,0.9354,0.1692,306.8248,67.9414,1.014,,Cube2,-0.0145,1.1746,-0.6103,358.7418,1.4704,355.8633,0.0043,-0.0007,0.9999,0.0174,0.2362,0,-0.0362,-0.0007,0.9993,0.0164,357.9022,0,Player2Face,-0.0013,1.2081,0.8467,0.0062,0.7952,-0.2808,348.1257,224.1171,336.3085,FingerCubeReady,TABLE_Folding,2437.856,0,0,Cube1,-0.4,0.89,0,1,2399.211,2390.03129375,0.0192731035717961,0.3291,80.1536,3.5135,25.1291,28.2064,1
joint,5045,1,Responder,4,3,5,Initiator,1,1,3,2,1,0,-0.0188,1.1959,0.8367,7.2953,182.9118,354.9544,-0.0189,1.1942,0.8215,7.1264,182.6409,355.3288,1,-0.0298,0.0033,-0.0249,0.4105,-0.1284,0.9028,0.033,0.0068,-0.0249,0.3312,-0.1066,0.9375,-0.0198,1.2021,0.8457,-0.4013,-0.2606,-0.8781,1,Cube1,-0.3605,0.9809,0.1,Cube1,8819032834,-0.14,0.9448,0.1559,304.43,69.9761,2.0034,,Cube2,-0.0145,1.1746,-0.6103,358.7183,1.4577,355.859,0.0057,-0.0016,0.9999,0.0332,0.2521,0,-0.036,-0.0016,0.9993,0.0311,357.9116,0,Player2Face,-0.0006,1.2074,0.847,0.0062,0.7951,-0.2808,348.1246,224.1025,336.318,FingerCubeReady,TABLE_Folding,2437.867,0,0,Cube1,-0.4,0.89,0,1,2399.222,2390.04232325,0.0192731035717961,0.3081,77.8414,3.5164,25.1123,28.1856,1
joint,5045,1,Responder,4,3,5,Initiator,1,1,3,2,1,0,-0.0189,1.1959,0.8368,7.2865,182.9484,354.9631,-0.0189,1.1942,0.8215,7.1318,182.6508,355.2884,1,-0.0298,0.0033,-0.0249,0.4105,-0.1272,0.903,0.033,0.0068,-0.0249,0.3307,-0.1062,0.9377,-0.0198,1.2022,0.8457,-0.4012,-0.2601,-0.8783,1,Cube1,-0.3605,0.9813,0.1,Cube1,8819041166,-0.1491,0.9489,0.1487,303.3366,71.2429,2.2284,,Cube2,-0.0145,1.1746,-0.6104,358.7187,1.463,355.8601,0.0067,-0.0021,0.9999,0.0588,0.2866,0,-0.0362,-0.0021,0.9993,0.0553,357.919,0,Player2Face,0.0001,1.2066,0.8474,0.0062,0.7951,-0.2808,348.1274,224.1014,336.3156,FingerCubeReady,TABLE_Folding,2437.879,0,0,Cube1,-0.4,0.89,0,1,2399.233,2390.05294645,0.0192731035717961,0.2976,76.7748,3.544,25.1138,28.168,1
joint,5045,1,Responder,4,3,5,Initiator,1,1,3,2,1,0,-0.0189,1.1959,0.8368,7.2924,182.9732,354.9838,-0.0191,1.1942,0.8216,7.1862,182.6722,355.1961,1,-0.0298,0.0033,-0.0248,0.4108,-0.1266,0.9029,0.033,0.0068,-0.0249,0.3304,-0.1061,0.9378,-0.02,1.2021,0.8457,-0.4013,-0.2612,-0.8779,1,Cube1,-0.3608,0.9802,0.1,Cube1,8819057829,-0.1585,0.9526,0.1416,302.2362,72.6618,2.2485,,Cube2,-0.0145,1.1746,-0.6104,358.7055,1.4551,355.8737,0.0069,-0.0026,0.9999,0.0807,0.316,0,-0.0361,-0.0026,0.9993,0.0766,357.9226,0,Player2Face,0,1.2062,0.8475,0.0062,0.7952,-0.2808,348.1331,224.1152,336.3048,FingerCubeReady,TABLE_Folding,2437.888,0,0,Cube1,-0.4,0.89,0,1,2399.244,2390.06476115,0.0192731035717961,0.2869,75.6947,3.4801,25.1169,28.2167,1
joint,5045,1,Responder,4,3,5,Initiator,1,1,3,2,1,0,-0.0189,1.1959,0.8367,7.3409,182.9925,355.0038,-0.0192,1.1941,0.8216,7.2263,182.6845,355.159,1,-0.0298,0.0033,-0.0248,0.4109,-0.1258,0.9029,0.033,0.0068,-0.0249,0.33,-0.1055,0.9381,-0.0201,1.2021,0.8457,-0.4013,-0.2614,-0.8778,1,Cube1,-0.361,0.9801,0.1,Cube1,8819066160,-0.1676,0.9559,0.1345,301.2231,74.0854,2.3125,,Player1Body,-0.0145,1.1746,-0.6104,358.6993,1.4514,355.8807,0.007,-0.0031,0.9999,0.115,0.3514,0,-0.036,-0.0031,0.9993,0.1102,357.9276,0,Player2Face,0,1.2057,0.8476,0.0062,0.7952,-0.2808,348.1379,224.1212,336.2935,FingerCubeReady,TABLE_Folding,2437.901,0,0,Cube1,-0.4,0.89,0,1,2399.255,2390.07562605,0.0192731035717961,0.2765,74.6508,3.4703,25.1206,28.2257,1
joint,5045,1,Responder,4,3,5,Initiator,1,1,3,2,1,0,-0.0189,1.1959,0.8366,7.3786,183.0063,355.003,-0.0193,1.1941,0.8216,7.2635,182.696,355.1288,1,-0.0298,0.0033,-0.0248,0.411,-0.1257,0.9029,0.033,0.0068,-0.0249,0.33,-0.1051,0.9381,-0.0201,1.2021,0.8457,-0.4015,-0.2619,-0.8776,1,Cube1,-0.3612,0.9795,0.1,Cube1,8819074492,-0.1868,0.9623,0.1205,299.1912,77.2986,1.9089,,Player1Body,-0.0144,1.1746,-0.6106,358.6895,1.448,355.8802,0.007,-0.0046,0.9999,0.1506,0.3704,0,-0.0352,-0.0046,0.9994,0.1449,357.9372,0,Player2Face,0.0003,1.2037,0.8482,0.0062,0.7952,-0.2808,348.1362,224.1219,336.2923,FingerCubeReady,TABLE_Folding,2437.912,0,0,Cube1,-0.4,0.89,0,1,2399.266,2390.08692415,0.0192731035717961,0.2554,72.6146,3.4413,25.1295,28.2593,1
joint,5045,1,Responder,4,3,5,Initiator,1,1,3,2,1,0,-0.0189,1.1959,0.8366,7.4358,183.0508,355.0246,-0.0194,1.194,0.8216,7.3091,182.7149,355.0976,1,-0.0298,0.0033,-0.0248,0.411,-0.1248,0.903,0.033,0.0068,-0.0249,0.3294,-0.1041,0.9384,-0.0203,1.202,0.8457,-0.4014,-0.2619,-0.8776,1,Cube1,-0.3614,0.9795,0.1,Cube1,8819091155,-0.1963,0.9649,0.1139,298.2892,78.9523,1.6121,,Player1Body,-0.0144,1.1746,-0.6105,358.6797,1.4562,355.8815,0.007,-0.0038,0.9999,0.1811,0.3834,0,-0.0352,-0.0038,0.9994,0.1756,357.9506,0,Player2Face,0.0005,1.2051,0.8478,0.0062,0.7952,-0.2808,348.1349,224.1169,336.2979,FingerCubeReady,TABLE_Folding,2437.923,0,0,Cube1,-0.4,0.89,0,1,2399.278,2390.09838715,0.0192731035717961,0.2451,71.636,3.4395,25.1353,28.2639,1
joint,5045,1,Responder,4,3,5,Initiator,1,1,3,2,1,0,-0.0189,1.1959,0.8365,7.4797,183.0615,355.0298,-0.0195,1.194,0.8216,7.3237,182.7238,355.0865,1,-0.0298,0.0033,-0.0248,0.4114,-0.1242,0.9029,0.033,0.0068,-0.0249,0.3293,-0.1041,0.9385,-0.0204,1.202,0.8457,-0.4018,-0.2619,-0.8775,1,Cube1,-0.3618,0.9794,0.1,Cube1,8819099487,-0.2152,0.9698,0.1009,296.7328,82.4089,0.8113,,Player1Body,-0.0143,1.1746,-0.6105,358.6749,1.4524,355.8842,0.0059,-0.0037,0.9999,0.1968,0.3808,0,-0.0347,-0.0037,0.9994,0.1927,357.9664,0,Player2Face,-0.0001,1.2055,0.8477,0.0062,0.7952,-0.2808,348.1322,224.1156,336.3006,FingerCubeReady,TABLE_Folding,2437.934,0,0,Cube1,-0.4,0.89,0,1,2399.289,2390.10963845,0.0192731035717961,0.2252,69.845,3.4409,25.1567,28.2879,1
joint,5045,1,Responder,4,3,5,Initiator,1,1,3,2,1,0,-0.019,1.1959,0.8364,7.5176,183.0713,355.0378,-0.0195,1.194,0.8217,7.3332,182.736,355.0708,1,-0.0298,0.0033,-0.0248,0.411,-0.1239,0.9032,0.033,0.0068,-0.0249,0.3291,-0.1032,0.9386,-0.0204,1.202,0.8457,-0.4016,-0.2616,-0.8776,1,Cube1,-0.3617,0.9798,0.1,Cube1,8819107818,-0.2245,0.9715,0.0941,296.0628,84.2593,0.2269,,Player1Body,-0.0143,1.1746,-0.6105,358.6669,1.4425,355.8918,0.0071,-0.0037,0.9999,0.2046,0.3806,0,-0.0351,-0.0037,0.9994,0.2019,357.9778,0,Player2Face,0.0003,1.2055,0.8477,0.0062,0.7952,-0.2808,348.1314,224.1128,336.2999,FingerCubeReady,TABLE_Folding,2437.945,0,0,Cube1,-0.4,0.89,0,1,2399.301,2390.12124895,0.0192731035717961,0.2152,69.1412,3.4618,25.1549,28.269,1
joint,5045,1,Responder,4,3,5,Initiator,1,1,3,2,1,0,-0.019,1.1959,0.8364,7.5462,183.0723,355.0273,-0.0196,1.194,0.8218,7.3406,182.764,355.0104,1,-0.0298,0.0033,-0.0248,0.411,-0.1226,0.9033,0.033,0.0068,-0.0248,0.3293,-0.1033,0.9385,-0.0205,1.202,0.8458,-0.4021,-0.2615,-0.8775,1,Cube1,-0.3623,0.9797,0.1,Cube1,8819124481,-0.2337,0.9732,0.0879,295.3915,86.1051,359.5765,,Player1Body,-0.0143,1.1746,-0.6105,358.6649,1.4395,355.8873,0.0072,-0.0041,0.9999,0.2121,0.3889,0,-0.0351,-0.0041,0.9994,0.21,357.9836,0,Player2Face,0.0003,1.2051,0.8477,0.0062,0.7952,-0.2808,348.1354,224.112,336.2974,FingerCubeReady,TABLE_Folding,2437.956,0,0,Cube1,-0.4,0.89,0,1,2399.312,2390.13170185,0.0192731035717961,0.2056,68.4524,3.47,25.1877,28.294,1
joint,5045,1,Responder,4,3,5,Initiator,1,1,3,2,1,0,-0.0191,1.1959,0.8363,7.5729,183.0778,355.0053,-0.0196,1.194,0.8218,7.338,182.7851,354.9831,1,-0.0298,0.0033,-0.0248,0.4108,-0.1219,0.9035,0.033,0.0068,-0.0248,0.3295,-0.1035,0.9385,-0.0205,1.202,0.8459,-0.4023,-0.2613,-0.8774,1,Cube1,-0.3625,0.9798,0.1,Cube1,8819132813,-0.2521,0.9753,0.0752,294.1222,90.3877,357.6599,,PlasterWallShort2,-0.0144,1.1746,-0.6105,358.6707,1.4441,355.894,0.0075,-0.0048,0.9998,0.2268,0.4008,0,-0.0349,-0.0048,0.9994,0.2245,357.9884,0,Player2Face,0.0005,1.2038,0.8481,0.0062,0.7952,-0.2809,348.1399,224.1127,336.2967,FingerCubeReady,TABLE_Folding,2437.968,0,0,Cube1,-0.4,0.89,0,1,2399.322,2390.14267835,0.0192731035717961,0.1866,67.2828,3.4774,25.201,28.3007,1
joint,5045,1,Responder,4,3,5,Initiator,1,1,3,2,1,0,-0.0191,1.1958,0.8362,7.5883,183.0768,354.9843,-0.0196,1.194,0.8219,7.3349,182.8042,354.9676,1,-0.0298,0.0033,-0.0248,0.4108,-0.1211,0.9036,0.033,0.0068,-0.0248,0.3289,-0.1031,0.9387,-0.0205,1.202,0.8459,-0.4024,-0.2608,-0.8775,1,Cube1,-0.3625,0.9803,0.1,Cube1,8819141144,-0.2611,0.9759,0.0689,293.4527,92.9512,356.2259,,PlasterWallShort2,-0.0143,1.1746,-0.6106,358.6843,1.4315,355.8872,0.0073,-0.0045,0.9998,0.2393,0.409,0,-0.0345,-0.0045,0.9994,0.237,357.9953,0,Player2Face,0.0003,1.2039,0.8479,0.0062,0.7952,-0.2808,348.1423,224.1073,336.2942,FingerCubeReady,TABLE_Folding,2437.979,0,0,Cube1,-0.4,0.89,0,1,2399.333,2390.15351995,0.0192731035717961,0.1772,66.7811,3.5061,25.2086,28.2895,1
joint,5045,1,Responder,4,3,5,Initiator,1,1,3,2,1,0,-0.019,1.1958,0.8362,7.5994,183.0759,354.9492,-0.0197,1.194,0.8218,7.3236,182.8401,354.9534,1,-0.0298,0.0033,-0.0247,0.4107,-0.1205,0.9037,0.033,0.0068,-0.0248,0.3291,-0.1025,0.9387,-0.0205,1.202,0.8459,-0.403,-0.2601,-0.8774,1,Cube1,-0.3631,0.9808,0.1,Cube1,8819157807,-0.2788,0.9757,0.0571,292.1836,98.8294,352.4129,,PlasterWallShort2,-0.0143,1.1746,-0.6106,358.6847,1.435,355.8918,0.0042,-0.0046,0.9999,0.2481,0.3828,0,-0.0352,-0.0046,0.9994,0.2462,357.9974,0,Player2Face,-0.0024,1.2039,0.8475,0.0062,0.7952,-0.2809,348.1384,224.1096,336.304,FingerCubeReady,TABLE_Folding,2437.99,0,0,Cube1,-0.4,0.89,0,1,2399.345,2390.16535305,0.0192731035717961,0.159,65.8469,3.5523,25.2542,28.3023,1
joint,5045,1,Responder,4,3,5,Initiator,1,1,3,2,1,0,-0.0191,1.1959,0.8362,7.6001,183.0549,354.9258,-0.0196,1.194,0.8219,7.3088,182.8629,354.9465,1,-0.0298,0.0033,-0.0247,0.4104,-0.121,0.9038,0.033,0.0068,-0.0248,0.329,-0.1019,0.9388,-0.0205,1.202,0.8459,-0.4032,-0.2599,-0.8774,1,Cube1,-0.3632,0.981,0.1,Cube1,8819166139,-0.2872,0.975,0.0512,291.6369,102.2092,349.9334,,PlasterWallShort2,-0.0143,1.1746,-0.6105,358.6889,1.4329,355.8863,0.0007,-0.0022,0.9999,0.2316,0.3054,0,-0.0356,-0.0022,0.9993,0.2326,357.9906,0,Player2Face,-0.0051,1.2074,0.8462,0.0062,0.7952,-0.2809,348.1376,224.1085,336.3076,FingerCubeReady,TABLE_Folding,2438.001,0,0,Cube1,-0.4,0.89,0,1,2399.357,2390.17704065,0.0192731035717961,0.1502,65.591,3.5673,25.2642,28.3051,1
joint,5045,1,Responder,4,3,5,Initiator,1,1,3,2,1,0,-0.0191,1.1959,0.8362,7.5853,183.0219,354.9167,-0.0196,1.194,0.8219,7.2986,182.8883,354.947,1,-0.0298,0.0033,-0.0247,0.411,-0.122,0.9034,0.033,0.0068,-0.0248,0.3292,-0.1012,0.9388,-0.0204,1.202,0.8459,-0.4039,-0.2599,-0.8771,1,Cube1,-0.3639,0.9809,0.1,Cube1,8819174470,-0.2955,0.9741,0.0455,291.1271,105.9204,346.9984,,Cube1,-0.0142,1.1746,-0.6106,358.6898,1.4276,355.8928,-0.0154,-0.0053,0.9997,0.2286,0.0619,0,-0.054,-0.0053,0.9985,0.229,357.8275,0,Player2Face,-0.0309,1.2047,0.8477,0.0062,0.7952,-0.2809,348.1342,224.1068,336.307,FingerCubeReady,TABLE_Folding,2438.012,0,0,Cube1,-0.4,0.89,0,1,2399.367,2390.18737005,0.0192731035717961,0.1416,65.4088,3.5726,25.3066,28.347,1
joint,5045,1,Responder,4,3,5,Initiator,1,1,3,2,1,0,-0.0192,1.1959,0.8362,7.5609,182.9931,354.8797,-0.0197,1.194,0.8219,7.2873,182.9449,354.9622,1,-0.0298,0.0033,-0.0247,0.4104,-0.1217,0.9037,0.033,0.0068,-0.0248,0.3297,-0.1001,0.9388,-0.0205,1.202,0.8459,-0.4048,-0.2589,-0.877,1,Cube1,-0.3648,0.9817,0.1,Cube1,8819191133,-0.3036,0.9725,0.0399,290.6604,109.9683,343.7056,,PlasterWallShort2,-0.0142,1.1746,-0.6106,358.6932,1.4307,355.8959,-0.0197,-0.0084,0.9997,0.2755,359.7183,0,-0.0685,-0.0084,0.9977,0.269,357.4588,0,Player2Face,-0.0451,1.2012,0.8517,0.0062,0.7951,-0.2809,348.1328,224.1067,336.308,FingerCubeReady,TABLE_Folding,2438.023,0,0,Cube1,-0.4,0.89,0,1,2399.378,2390.19807145,0.0192731035717961,0.133,65.3125,3.6375,25.3724,28.367,1
joint,5045,1,Responder,4,3,5,Initiator,1,1,3,2,1,0,-0.0192,1.1959,0.8362,7.5537,182.9431,354.8658,-0.0197,1.194,0.8219,7.2901,182.9637,354.9759,1,-0.0298,0.0033,-0.0247,0.4102,-0.1214,0.9039,0.033,0.0068,-0.0248,0.3296,-0.0998,0.9388,-0.0205,1.202,0.8459,-0.405,-0.2586,-0.877,1,Cube1,-0.365,0.982,0.1,Cube1,8819199465,-0.3193,0.9687,0.0295,289.6664,119.2119,335.807,Cube1,PlasterWallShort2,-0.0143,1.1746,-0.6107,358.7033,1.4216,355.898,-0.0189,-0.0054,0.9998,0.312,359.4254,0,-0.0552,-0.0054,0.9985,0.3035,357.1518,0,Player2Face,-0.0345,1.2045,0.8482,0.0062,0.7952,-0.2809,348.1339,224.11,336.3072,FingerCubeReady,TABLE_Folding,2438.034,0,0,Cube1,-0.4,0.89,0,1,2399.389,2390.20990315,0.0192731035717961,0.1165,65.3309,3.6601,25.3875,28.3641,1
joint,5045,1,Responder,4,3,5,Initiator,1,1,3,2,1,0,-0.0192,1.1959,0.8362,7.5553,182.9012,354.8382,-0.0197,1.194,0.8219,7.3095,182.98,354.9908,1,-0.0298,0.0033,-0.0247,0.4102,-0.1213,0.9039,0.033,0.0068,-0.0248,0.33,-0.0998,0.9387,-0.0205,1.202,0.8459,-0.4055,-0.2588,-0.8767,1,Cube1,-0.3654,0.9818,0.1,Cube1,8819207796,-0.3269,0.967,0.0246,289.1908,124.2805,331.4663,Cube1,PlasterWallShort2,-0.0143,1.1746,-0.6107,358.7182,1.4016,355.9075,-0.0207,-0.0062,0.9997,0.3276,359.2076,0,-0.0555,-0.0062,0.9985,0.3207,356.994,0,Player2Face,-0.0366,1.2031,0.849,0.0062,0.7952,-0.2809,348.1348,224.1056,336.3044,FingerCubeReady,TABLE_Folding,2438.046,0,0,Cube1,-0.4,0.89,0,1,2399.4,2390.22066365,0.0192731035717961,0.1089,65.5438,3.6542,25.4134,28.3957,1
joint,5045,1,Responder,4,3,5,Initiator,1,1,3,2,1,0,-0.0192,1.1958,0.8362,7.5579,182.8707,354.8044,-0.0197,1.194,0.8218,7.373,183.0042,355.0031,1,-0.0298,0.0033,-0.0247,0.409,-0.1196,0.9046,0.033,0.0068,-0.0248,0.3304,-0.0997,0.9386,-0.0205,1.202,0.8458,-0.4056,-0.2587,-0.8767,1,Cube1,-0.3655,0.9819,0.1,Cube1,8819224459,-0.3343,0.9649,0.0201,288.8787,129.1944,327.2898,Cube1,PlasterWallShort2,-0.0143,1.1745,-0.6107,358.7142,1.4075,355.9052,-0.0227,-0.0052,0.9997,0.3296,359.0297,0,-0.0562,-0.0052,0.9984,0.3255,356.9029,0,Player2Face,-0.0383,1.2047,0.8488,0.0062,0.7952,-0.2808,348.1342,224.0978,336.3076,FingerCubeReady,TABLE_Folding,2438.057,0,0,Cube1,-0.4,0.89,0,1,2399.412,2390.23222525,0.0192731035717961,0.1016,65.842,3.6588,25.4202,28.3988,1
joint,5045,1,Responder,4,3,5,Initiator,1,1,3,2,1,0,-0.0192,1.1958,0.8362,7.5563,182.8328,354.7783,-0.0197,1.194,0.8217,7.4118,183.0321,355.0155,1,-0.0298,0.0033,-0.0247,0.4099,-0.1188,0.9044,0.033,0.0068,-0.0248,0.331,-0.0992,0.9384,-0.0204,1.202,0.8457,-0.4068,-0.2587,-0.8761,1,Cube1,-0.3667,0.9818,0.1,Cube1,8819232791,-0.3484,0.9617,0.0117,288.6898,137.2787,320.7217,Cube1,PlasterWallShort2,-0.0143,1.1745,-0.6107,358.7108,1.4042,355.9133,-0.0233,-0.006,0.9997,0.3296,358.8979,0,-0.0586,-0.006,0.9983,0.3272,356.8317,0,Player2Face,-0.0407,1.2039,0.8496,0.0062,0.7952,-0.2808,348.137,224.0937,336.3054,FingerCubeReady,TABLE_Folding,2438.068,0,0,Cube1,-0.4,0.89,0,1,2399.424,2390.24417615,0.0192731035717961,0.0892,67.4599,3.6764,25.4958,28.4633,1
joint,5045,1,Responder,4,3,5,Initiator,1,1,3,2,1,0,-0.0193,1.1958,0.8361,7.5461,182.7983,354.7585,-0.0197,1.194,0.8217,7.4495,183.0542,355.0262,1,-0.0298,0.0033,-0.0247,0.4099,-0.1184,0.9044,0.033,0.0068,-0.0248,0.3317,-0.0987,0.9382,-0.0204,1.202,0.8457,-0.4076,-0.2588,-0.8757,1,Cube1,-0.3675,0.9816,0.1,Cube1,8819241122,-0.355,0.9605,0.0081,288.7879,140.1405,318.5466,Cube1,PlasterWallShort2,-0.0145,1.1745,-0.6106,358.7089,1.3943,355.9173,-0.0235,-0.0058,0.9997,0.3316,358.8044,0,-0.0574,-0.0058,0.9983,0.33,356.7784,0,Player2Face,-0.0402,1.2042,0.8494,0.0062,0.7952,-0.2808,348.1365,224.0898,336.312,FingerCubeReady,TABLE_Folding,2438.079,0,0,Cube1,-0.4,0.89,0,1,2399.434,2390.25402365,0.0192731035717961,0.084,68.5986,3.6806,25.5405,28.5036,1
joint,5045,1,Responder,4,3,5,Initiator,1,1,3,2,1,0,-0.0193,1.1959,0.836,7.5254,182.7537,354.7628,-0.0197,1.1939,0.8216,7.5089,183.069,355.0359,1,-0.0298,0.0033,-0.0247,0.4097,-0.1184,0.9045,0.033,0.0068,-0.0248,0.3315,-0.0989,0.9383,-0.0205,1.202,0.8455,-0.4076,-0.2598,-0.8754,1,Cube1,-0.3676,0.9807,0.1,Cube1,8819257785,-0.3673,0.9589,0.0012,289.3076,144.1179,316.0528,Cube1,PlasterWallShort2,-0.0145,1.1745,-0.6106,358.7089,1.3943,355.9173,-0.0235,-0.0058,0.9997,0.3316,358.8044,0,-0.0574,-0.0058,0.9983,0.33,356.7784,0,Player2Face,-0.0402,1.2042,0.8494,0.0062,0.7952,-0.2808,348.14,224.0889,336.3055,FingerCubeReady,TABLE_Folding,2438.079,0,0,Cube1,-0.4,0.89,0,1,2399.445,2390.26591105,0.0192731035717961,0.0763,72.058,3.6263,25.5345,28.5373,1
joint,5045,1,Responder,4,3,5,Initiator,1,1,3,2,1,0,-0.0193,1.1959,0.8359,7.5136,182.7091,354.7571,-0.0198,1.1939,0.8215,7.5331,183.0718,355.0321,1,-0.0298,0.0033,-0.0247,0.4097,-0.1185,0.9045,0.033,0.0068,-0.0248,0.3313,-0.0988,0.9383,-0.0205,1.202,0.8455,-0.4075,-0.2602,-0.8753,1,Cube1,-0.3676,0.9804,0.1,Cube1,8819266117,-0.3731,0.9584,-0.002,289.6543,145.4463,315.5161,Cube1,PlasterWallShort2,-0.0146,1.1746,-0.6107,358.7098,1.3968,355.9225,-0.0231,-0.0059,0.9997,0.3333,358.7446,0,-0.0589,-0.0059,0.9983,0.3322,356.7344,0,Player2Face,-0.0409,1.2041,0.8496,0.0062,0.7952,-0.2808,348.14,224.0889,336.3055,FingerCubeReady,TABLE_Folding,2438.091,0,0,Cube1,-0.4,0.89,0,1,2399.456,2390.27610685,0.0192731035717961,0.0735,74.2166,3.6043,25.5314,28.5492,1
joint,5045,1,Responder,4,3,5,Initiator,1,1,3,2,1,0,-0.0193,1.1959,0.8358,7.5106,182.6693,354.7264,-0.0198,1.1939,0.8215,7.5549,183.0741,355.0202,1,-0.0298,0.0033,-0.0247,0.4092,-0.1178,0.9048,0.033,0.0068,-0.0248,0.3309,-0.099,0.9384,-0.0206,1.202,0.8454,-0.4071,-0.2603,-0.8755,1,Cube1,-0.3672,0.9804,0.1,Cube1,8819274449,-0.3785,0.9579,-0.0048,290.0319,146.2906,315.4439,Cube1,PlasterWallShort2,-0.0147,1.1745,-0.6108,358.6915,1.3858,355.9361,-0.0224,-0.0063,0.9997,0.3311,358.7177,0,-0.0569,-0.0063,0.9984,0.3308,356.7128,0,Player2Face,-0.0393,1.2038,0.8492,0.0062,0.7952,-0.2808,348.1423,224.0897,336.3026,FingerCubeReady,TABLE_Folding,2438.113,0,0,Cube1,-0.4,0.89,0,1,2399.467,2390.28761775,0.0192731035717961,0.0713,76.4619,3.5955,25.5092,28.5285,1
joint,5045,1,Responder,4,3,5,Initiator,1,1,3,2,1,0,-0.0193,1.1958,0.8357,7.545,182.6223,354.7188,-0.0199,1.1939,0.8214,7.586,183.0769,354.9875,1,-0.0298,0.0033,-0.0247,0.4086,-0.1172,0.9051,0.033,0.0068,-0.0248,0.3309,-0.0985,0.9385,-0.0206,1.202,0.8454,-0.4068,-0.2605,-0.8756,1,Cube1,-0.3669,0.9803,0.1,Cube1,8819291112,-0.3839,0.9576,-0.0075,290.4486,146.6659,315.8786,Cube1,PlasterWallShort2,-0.0147,1.1745,-0.6108,358.6848,1.3869,355.9453,-0.0228,-0.0063,0.9997,0.3389,358.7122,0,-0.0569,-0.0063,0.9984,0.3379,356.7183,0,Player2Face,-0.0395,1.204,0.8491,0.0062,0.7952,-0.2808,348.1408,224.0873,336.2971,FingerCubeReady,TABLE_Folding,2438.124,0,0,Cube1,-0.4,0.89,0,1,2399.479,2390.29891905,0.0192731035717961,0.0699,79.0141,3.584,25.4906,28.5171,1
joint,5045,1,Responder,4,3,5,Initiator,1,1,3,2,1,0,-0.0193,1.1958,0.8356,7.588,182.5877,354.6867,-0.0199,1.1939,0.8214,7.5946,183.0763,354.9644,1,-0.0298,0.0033,-0.0247,0.4088,-0.1166,0.9051,0.033,0.0068,-0.0248,0.3315,-0.0972,0.9384,-0.0206,1.202,0.8454,-0.4073,-0.2598,-0.8756,1,Cube1,-0.3673,0.9808,0.1,Cube1,8819299443,-0.3933,0.9575,-0.0126,291.4128,146.0148,318.0859,Cube1,PlasterWallShort2,-0.0147,1.1745,-0.6109,358.6805,1.3772,355.9433,-0.0218,-0.006,0.9997,0.344,358.7151,0,-0.0571,-0.006,0.9984,0.343,356.7224,0,Player2Face,-0.0391,1.2044,0.8488,0.0062,0.7952,-0.2808,348.137,224.0826,336.2986,FingerCubeReady,TABLE_Folding,2438.135,0,0,Cube1,-0.4,0.89,0,1,2399.49,2390.31055875,0.0192731035717961,0.069,84.5823,3.6247,25.521,28.5177,1
joint,5045,1,Responder,4,3,5,Initiator,1,1,3,2,1,0,-0.0192,1.1958,0.8355,7.632,182.5637,354.6612,-0.0199,1.1939,0.8214,7.5996,183.0702,354.9428,1,-0.0298,0.0033,-0.0248,0.4092,-0.1161,0.905,0.033,0.0068,-0.0248,0.3317,-0.0967,0.9384,-0.0206,1.202,0.8454,-0.4074,-0.2596,-0.8756,1,Cube1,-0.3675,0.981,0.1,Cube1,8819307775,-0.3976,0.9577,-0.0145,291.9327,145.2461,319.5308,Cube1,PlasterWallShort2,-0.0148,1.1745,-0.6109,358.6687,1.3793,355.9503,-0.0216,-0.0064,0.9997,0.3483,358.7263,0,-0.0573,-0.0064,0.9984,0.3473,356.7227,0,Player2Face,-0.039,1.2042,0.8487,0.0062,0.7952,-0.2808,348.1345,224.0726,336.3018,FingerCubeReady,TABLE_Folding,2438.146,0,0,Cube1,-0.4,0.89,0,1,2399.501,2390.32131975,0.0192731035717961,0.0693,86.9992,3.643,25.5359,28.5162,1
joint,5045,1,Responder,4,3,5,Initiator,1,1,3,2,1,0,-0.0192,1.1958,0.8355,7.6623,182.5597,354.6542,-0.0199,1.1939,0.8214,7.5884,183.0287,354.9186,1,-0.0298,0.0033,-0.0248,0.4087,-0.114,0.9055,0.033,0.0068,-0.0248,0.3319,-0.0956,0.9385,-0.0207,1.202,0.8454,-0.4067,-0.258,-0.8764,1,Cube1,-0.3666,0.9826,0.1,Cube1,8819324438,-0.4016,0.9577,-0.0166,292.4476,144.5232,320.8863,Cube1,PlasterWallShort2,-0.0148,1.1745,-0.6109,358.6588,1.3692,355.9649,-0.0213,-0.0067,0.9997,0.3562,358.741,0,-0.0571,-0.0067,0.9984,0.3548,356.7223,0,Player2Face,-0.039,1.204,0.8487,0.0062,0.7952,-0.2808,348.1259,224.0735,336.307,FingerCubeReady,TABLE_Folding,2438.157,0,0,Cube1,-0.4,0.89,0,1,2399.512,2390.33245905,0.0192731035717961,0.0698,89.6211,3.7272,25.5094,28.4259,1
joint,5045,1,Responder,4,3,5,Initiator,1,1,3,2,1,0,-0.0191,1.1958,0.8354,7.6873,182.5555,354.6545,-0.0199,1.1939,0.8214,7.5712,183.0052,354.8953,1,-0.0298,0.0033,-0.0248,0.409,-0.1135,0.9054,0.033,0.0068,-0.0248,0.332,-0.0958,0.9384,-0.0207,1.202,0.8454,-0.4066,-0.2577,-0.8765,1,Cube1,-0.3665,0.9829,0.1,Cube1,8819332769,-0.4086,0.9578,-0.0206,293.3373,143.5739,322.8375,Cube1,PlasterWallShort2,-0.0147,1.1747,-0.6108,358.6648,1.3689,355.9531,-0.0199,-0.0078,0.9997,0.3746,358.7669,0,-0.0575,-0.0078,0.9983,0.3718,356.7202,0,Player2Face,-0.0384,1.2022,0.849,0.0062,0.7952,-0.2808,348.1257,224.076,336.3068,FingerCubeReady,TABLE_Folding,2438.168,0,0,Cube1,-0.4,0.89,0,1,2399.524,2390.34416685,0.0192731035717961,0.0713,94.3313,3.7405,25.5042,28.4163,1
joint,5045,1,Responder,4,3,5,Initiator,1,1,3,2,1,0,-0.0192,1.1958,0.8354,7.6802,182.5531,354.6548,-0.0199,1.1939,0.8214,7.5586,182.977,354.8752,1,-0.0298,0.0033,-0.0248,0.4097,-0.1133,0.9051,0.033,0.0068,-0.0248,0.3327,-0.0958,0.9381,-0.0207,1.202,0.8454,-0.4068,-0.2576,-0.8765,1,Cube1,-0.3667,0.983,0.1,Cube1,8819341101,-0.4118,0.9577,-0.0223,293.7157,143.3875,323.4628,Cube1,PlasterWallShort2,-0.0147,1.1747,-0.6109,358.6453,1.3539,355.9585,-0.0198,-0.0085,0.9997,0.4045,358.7993,0,-0.0574,-0.0085,0.9983,0.3998,356.7164,0,Player2Face,-0.0387,1.2017,0.8491,0.0062,0.7952,-0.2808,348.1273,224.079,336.2986,FingerCubeReady,TABLE_Folding,2438.18,0,0,Cube1,-0.4,0.89,0,1,2399.535,2390.35526215,0.0192731035717961,0.0723,96.3787,3.7506,25.5181,28.4245,1
joint,5045,1,Responder,4,3,5,Initiator,1,1,3,2,1,0,-0.0192,1.1958,0.8353,7.6707,182.5552,354.6617,-0.02,1.1939,0.8214,7.555,182.9095,354.8436,1,-0.0298,0.0033,-0.0248,0.4101,-0.1119,0.9051,0.033,0.0068,-0.0248,0.3331,-0.0947,0.9381,-0.0208,1.202,0.8454,-0.4062,-0.2565,-0.877,1,Cube1,-0.366,0.984,0.1,Cube1,8819357764,-0.4146,0.9575,-0.0241,294.0773,143.2672,324.0097,Cube1,PlasterWallShort2,-0.0148,1.1747,-0.6109,358.6388,1.343,355.9702,-0.0186,-0.0086,0.9997,0.4331,358.8344,0,-0.0573,-0.0086,0.9984,0.4274,356.7146,0,Player2Face,-0.0381,1.2015,0.8489,0.0062,0.7952,-0.2808,348.1216,224.0766,336.3021,FingerCubeReady,TABLE_Folding,2438.191,0,0,Cube1,-0.4,0.89,0,1,2399.546,2390.36611755,0.0192731035717961,0.0732,98.3091,3.8063,25.4926,28.355,1
joint,5045,1,Responder,4,3,5,Initiator,1,1,3,2,1,0,-0.0193,1.1959,0.8351,7.6577,182.5559,354.6767,-0.0199,1.1939,0.8214,7.5567,182.8848,354.82,1,-0.0298,0.0033,-0.0248,0.4113,-0.1114,0.9046,0.033,0.0068,-0.0248,0.3332,-0.0947,0.9381,-0.0208,1.202,0.8454,-0.4064,-0.2565,-0.877,1,Cube1,-0.3662,0.984,0.1,Cube1,8819366095,-0.4198,0.9573,-0.0269,294.7096,143.1757,324.8315,Cube1,PlasterWallShort2,-0.0148,1.1747,-0.6109,358.6388,1.343,355.9702,-0.0186,-0.0086,0.9997,0.4331,358.8344,0,-0.0573,-0.0086,0.9984,0.4274,356.7146,0,Player2Face,-0.0381,1.2015,0.8489,0.0062,0.7952,-0.2808,348.1215,224.0776,336.2977,FingerCubeReady,TABLE_Folding,2438.191,0,0,Cube1,-0.4,0.89,0,1,2399.557,2390.37709045,0.0192731035717961,0.0751,101.4895,3.81,25.5071,28.3672,1
joint,5045,1,Responder,4,3,5,Initiator,1,1,3,2,1,0,-0.0193,1.1959,0.8351,7.6585,182.5577,354.6596,-0.0199,1.1939,0.8213,7.5575,182.8613,354.7979,1,-0.0298,0.0033,-0.0248,0.4116,-0.1108,0.9046,0.033,0.0068,-0.0248,0.3337,-0.0938,0.938,-0.0208,1.202,0.8453,-0.4065,-0.2559,-0.8771,1,Cube1,-0.3662,0.9845,0.1,Cube1,8819374427,-0.4222,0.9572,-0.0281,294.9761,143.177,325.1553,Cube1,PlasterWallShort2,-0.0148,1.1747,-0.6111,358.6292,1.3152,356.001,-0.0179,-0.0087,0.9997,0.4677,358.9027,0,-0.0568,-0.0087,0.9984,0.463,356.7221,0,Player2Face,-0.038,1.2014,0.8488,0.0062,0.7952,-0.2808,348.1215,224.0776,336.2977,FingerCubeReady,TABLE_Folding,2438.212,0,0,Cube1,-0.4,0.89,0,1,2399.568,2390.38839445,0.0192731035717961,0.0762,102.8484,3.8444,25.5174,28.3505,1
joint,5045,1,Responder,4,3,5,Initiator,1,1,3,2,1,0,-0.0193,1.1959,0.8351,7.6768,182.5857,354.6465,-0.02,1.1939,0.8212,7.5483,182.8058,354.7629,1,-0.0298,0.0033,-0.0248,0.4125,-0.1101,0.9043,0.033,0.0068,-0.0248,0.3351,-0.0923,0.9376,-0.0209,1.202,0.8453,-0.4068,-0.255,-0.8772,1,Cube1,-0.3665,0.9854,0.1,Cube1,8819391090,-0.4243,0.9572,-0.0293,295.2167,143.1056,325.5316,Cube1,PlasterWallShort2,-0.015,1.1748,-0.6113,358.6157,1.3039,356.0092,-0.0177,-0.0089,0.9997,0.4817,358.9307,0,-0.0566,-0.0089,0.9984,0.4776,356.7307,0,Player2Face,-0.038,1.2014,0.8487,0.0062,0.7952,-0.2808,348.1214,224.0783,336.2868,FingerCubeReady,TABLE_Folding,2438.223,0,0,Cube1,-0.4,0.89,0,1,2399.579,2390.39937975,0.0192731035717961,0.0773,104.1148,3.9021,25.5471,28.3373,1
joint,5045,1,Responder,4,3,5,Initiator,1,1,3,2,1,0,-0.0193,1.1959,0.8351,7.6953,182.6236,354.6358,-0.02,1.1939,0.8212,7.5353,182.7751,354.7607,1,-0.0298,0.0033,-0.0248,0.4122,-0.1097,0.9044,0.033,0.0068,-0.0248,0.3351,-0.0918,0.9377,-0.0209,1.202,0.8452,-0.4062,-0.2543,-0.8777,1,Cube1,-0.3658,0.9861,0.1,Cube1,8819399421,-0.4278,0.9574,-0.0313,295.7181,142.7424,326.4485,Cube1,PlasterWallShort2,-0.015,1.1748,-0.6113,358.6172,1.2897,356.0257,-0.0175,-0.0089,0.9998,0.4926,358.9536,0,-0.0563,-0.0089,0.9984,0.4892,356.7414,0,Player2Face,-0.038,1.2014,0.8487,0.0062,0.7953,-0.2808,348.1239,224.0855,336.2802,FingerCubeReady,TABLE_Folding,2438.234,0,0,Cube1,-0.4,0.89,0,1,2399.59,2390.41080465,0.0192731035717961,0.0794,106.1718,3.9354,25.5194,28.282,1
joint,5045,1,Responder,4,3,5,Initiator,1,1,3,2,1,0,-0.0193,1.1958,0.8351,7.7121,182.6327,354.6284,-0.02,1.1939,0.821,7.5134,182.7065,354.7551,1,-0.0298,0.0033,-0.0248,0.4124,-0.1096,0.9044,0.033,0.0068,-0.0248,0.3352,-0.0916,0.9377,-0.0209,1.202,0.8451,-0.4053,-0.2539,-0.8782,1,Cube1,-0.3648,0.9866,0.1,Cube1,8819416084,-0.4291,0.9577,-0.0323,295.9705,142.4888,326.9219,Cube1,PlasterWallShort2,-0.0151,1.1748,-0.6113,358.618,1.285,356.0166,-0.0174,-0.0089,0.9998,0.4993,358.9711,0,-0.0562,-0.0089,0.9984,0.4967,356.7518,0,Player2Face,-0.038,1.2014,0.8486,0.0062,0.7953,-0.2808,348.122,224.0855,336.2826,FingerCubeReady,TABLE_Folding,2438.245,0,0,Cube1,-0.4,0.89,0,1,2399.603,2390.42298455,0.0192731035717961,0.0804,107.0107,3.9557,25.4701,28.2126,1
joint,5045,1,Responder,4,3,5,Initiator,1,1,3,2,1,0,-0.0193,1.1959,0.8351,7.7277,182.6733,354.6142,-0.02,1.1939,0.821,7.5112,182.6776,354.7328,1,-0.0298,0.0033,-0.0248,0.4131,-0.1096,0.904,0.033,0.0068,-0.0248,0.3358,-0.0909,0.9375,-0.0209,1.202,0.845,-0.4055,-0.2536,-0.8782,1,Cube1,-0.3649,0.9868,0.1,Cube1,8819424416,-0.4303,0.9579,-0.0333,296.1804,142.1893,327.4027,Cube1,PlasterWallShort2,-0.0151,1.1747,-0.6112,358.6149,1.2727,356.0135,-0.0172,-0.0089,0.9998,0.5041,358.9871,0,-0.056,-0.0089,0.9984,0.5024,356.7635,0,Player2Face,-0.038,1.2014,0.8484,0.0062,0.7953,-0.2808,348.1214,224.0826,336.2892,FingerCubeReady,TABLE_Folding,2438.258,0,0,Cube1,-0.4,0.89,0,1,2399.613,2390.43315865,0.0192731035717961,0.0815,107.8369,3.9703,25.4834,28.2157,1
joint,5045,1,Responder,4,3,5,Initiator,1,1,3,2,1,0,-0.0194,1.1959,0.8351,7.7118,182.7126,354.6093,-0.02,1.1939,0.8209,7.5286,182.6447,354.7224,1,-0.0298,0.0033,-0.0248,0.413,-0.1091,0.9042,0.033,0.0068,-0.0249,0.3361,-0.0903,0.9375,-0.0209,1.202,0.8449,-0.4051,-0.2535,-0.8784,1,Cube1,-0.3645,0.987,0.1,Cube1,8819432748,-0.4319,0.9588,-0.0348,296.5559,141.364,328.4933,Cube1,PlasterWallShort2,-0.0151,1.1748,-0.6112,358.612,1.279,355.9984,-0.0173,-0.009,0.9998,0.5071,358.9957,0,-0.0561,-0.009,0.9984,0.5057,356.7704,0,Player2Face,-0.038,1.2014,0.8484,0.0062,0.7952,-0.2808,348.1142,224.0728,336.2925,FingerCubeReady,TABLE_Folding,2438.268,0,0,Cube1,-0.4,0.89,0,1,2399.624,2390.44405555,0.0192731035717961,0.0835,108.9427,3.9765,25.4619,28.1897,1
joint,5045,1,Responder,4,3,5,Initiator,1,1,3,2,1,0,-0.0193,1.1958,0.8351,7.7064,182.7515,354.5986,-0.02,1.1939,0.8208,7.5558,182.6136,354.7107,1,-0.0298,0.0033,-0.0248,0.4129,-0.109,0.9042,0.033,0.0068,-0.0249,0.3359,-0.0911,0.9375,-0.021,1.202,0.8449,-0.4044,-0.2543,-0.8785,1,Cube1,-0.3638,0.9864,0.1,Cube1,8819441079,-0.4323,0.9595,-0.0355,296.6961,140.9002,329.0529,Cube1,PlasterWallShort2,-0.0151,1.1748,-0.6112,358.6104,1.2685,356.0026,-0.0171,-0.009,0.9998,0.5102,359.004,0,-0.0559,-0.009,0.9984,0.5091,356.7776,0,Player2Face,-0.038,1.2014,0.8484,0.0062,0.7953,-0.2807,348.1137,224.067,336.2892,FingerCubeReady,TABLE_Folding,2438.28,0,0,Cube1,-0.4,0.89,0,1,2399.635,2390.45529675,0.0192731035717961,0.0845,109.33,3.9227,25.414,28.1796,1
joint,5045,1,Responder,4,3,5,Initiator,1,1,3,2,1,0,-0.0194,1.1958,0.8351,7.6933,182.7835,354.5844,-0.0199,1.1939,0.8208,7.5866,182.5888,354.6877,1,-0.0298,0.0033,-0.0248,0.4127,-0.1086,0.9044,0.033,0.0068,-0.0249,0.3367,-0.0906,0.9372,-0.021,1.202,0.8448,-0.4043,-0.2545,-0.8785,1,Cube1,-0.3637,0.9862,0.1,Cube1,8819449411,-0.4325,0.9602,-0.0363,296.8183,140.3676,329.6598,Cube1,PlasterWallShort2,-0.0151,1.1748,-0.6112,358.6104,1.2685,356.0026,-0.0171,-0.009,0.9998,0.5102,359.004,0,-0.0559,-0.009,0.9984,0.5091,356.7776,0,Player2Face,-0.038,1.2014,0.8484,0.0062,0.7953,-0.2807,348.1102,224.0642,336.285,FingerCubeReady,TABLE_Folding,2438.28,0,0,Cube1,-0.4,0.89,0,1,2399.646,2390.46664415,0.0192731035717961,0.0855,109.7063,3.9115,25.4039,28.1779,1
joint,5045,1,Responder,4,3,5,Initiator,1,1,3,2,1,0,-0.0194,1.1958,0.8351,7.6646,182.8187,354.5533,-0.0199,1.1939,0.8208,7.5866,182.5888,354.6877,1,-0.0298,0.0033,-0.0248,0.4127,-0.1086,0.9044,0.033,0.0068,-0.0249,0.3367,-0.0906,0.9372,-0.021,1.202,0.8448,-0.4043,-0.2545,-0.8785,1,Cube1,-0.3637,0.9862,0.1,Cube1,8819449411,-0.4326,0.9617,-0.0375,296.9492,139.3441,330.7343,Cube1,PlasterWallShort2,-0.0152,1.1749,-0.6114,358.5867,1.2498,356.0524,-0.0168,-0.0094,0.9998,0.5185,359.0181,0,-0.0556,-0.0094,0.9984,0.5174,356.791,0,Player2Face,-0.038,1.2014,0.8484,0.0062,0.7953,-0.2807,348.1102,224.0642,336.285,FingerCubeReady,TABLE_Folding,2438.302,0,0,Cube1,-0.4,0.89,0,1,2399.657,2390.47769125,0.0192731035717961,0.0873,110.2453,3.9115,25.4039,28.1773,1
joint,5045,1,Responder,4,3,5,Initiator,1,1,3,2,1,0,-0.0193,1.1958,0.8351,7.6569,182.8508,354.5439,-0.0199,1.1939,0.8208,7.5866,182.5888,354.6877,1,-0.0298,0.0033,-0.0248,0.4127,-0.1086,0.9044,0.033,0.0068,-0.0249,0.3367,-0.0906,0.9372,-0.021,1.202,0.8448,-0.4043,-0.2545,-0.8785,1,Cube1,-0.3637,0.9862,0.1,Cube1,8819449411,-0.4324,0.9626,-0.038,296.9676,138.8318,331.2224,Cube1,PlasterWallShort2,-0.0152,1.1749,-0.6114,358.5867,1.2498,356.0524,-0.0168,-0.0094,0.9998,0.5185,359.0181,0,-0.0556,-0.0094,0.9984,0.5174,356.791,0,Player2Face,-0.038,1.2014,0.8484,0.0062,0.7953,-0.2808,348.1093,224.0754,336.2765,FingerCubeReady,TABLE_Folding,2438.302,0,0,Cube1,-0.4,0.89,0,1,2399.667,2390.48733555,0.0192731035717961,0.0882,110.3177,3.9115,25.4034,28.1773,1
joint,5045,1,Responder,4,3,5,Initiator,1,1,3,2,1,0,-0.0192,1.1959,0.8351,7.635,182.8862,354.5489,-0.0199,1.1939,0.8208,7.5866,182.5888,354.6877,1,-0.0298,0.0033,-0.0248,0.4127,-0.1086,0.9044,0.033,0.0068,-0.0249,0.3367,-0.0906,0.9372,-0.021,1.202,0.8448,-0.4043,-0.2545,-0.8785,1,Cube1,-0.3637,0.9862,0.1,Cube1,8819449411,-0.4322,0.9636,-0.0385,296.9473,138.4073,331.6019,Cube1,PlasterWallShort2,-0.0154,1.175,-0.6114,358.5673,1.2275,356.0911,-0.015,-0.0099,0.9998,0.533,359.049,0,-0.0535,-0.0099,0.9986,0.531,356.8241,0,Player2Face,-0.0361,1.201,0.8482,0.0062,0.7953,-0.2808,348.1093,224.0754,336.2765,FingerCubeReady,TABLE_Folding,2438.316,0,0,Cube1,-0.4,0.89,0,1,2399.678,2390.49818335,0.0192731035717961,0.0891,110.3422,3.9115,25.4034,28.1731,1
joint,5045,1,Responder,4,3,5,Initiator,1,1,3,2,1,0,-0.0192,1.1959,0.8352,7.6271,182.9096,354.5616,-0.0199,1.1939,0.8208,7.5866,182.5888,354.6877,1,-0.0298,0.0033,-0.0248,0.4127,-0.1086,0.9044,0.033,0.0068,-0.0249,0.3367,-0.0906,0.9372,-0.021,1.202,0.8448,-0.4043,-0.2545,-0.8785,1,Cube1,-0.3637,0.9862,0.1,Cube1,8819449411,-0.4313,0.9653,-0.0395,296.8112,137.7343,332.1608,Cube1,PlasterWallShort2,-0.0155,1.1751,-0.6115,358.5569,1.2008,356.1146,-0.0138,-0.0096,0.9998,0.5419,359.0882,0,-0.0536,-0.0096,0.9986,0.5398,356.8552,0,Player2Face,-0.0361,1.2017,0.848,0.0062,0.7953,-0.2808,348.1109,224.0837,336.278,FingerCubeReady,TABLE_Folding,2438.326,0,0,Cube1,-0.4,0.89,0,1,2399.694,2390.51412655,0.0192731035717961,0.0906,110.3517,3.9115,25.4028,28.1716,1
joint,5045,1,Responder,4,3,5,Initiator,1,1,3,2,1,0,-0.0193,1.1959,0.8353,7.6341,182.9312,354.5641,-0.0199,1.1939,0.8208,7.5866,182.5888,354.6877,1,-0.0298,0.0033,-0.0248,0.4127,-0.1086,0.9044,0.033,0.0068,-0.0249,0.3367,-0.0906,0.9372,-0.021,1.202,0.8448,-0.4043,-0.2545,-0.8785,1,Cube1,-0.3637,0.9862,0.1,Cube1,8819449411,-0.4306,0.9661,-0.0398,296.7436,137.3904,332.4249,Cube1,PlasterWallShort2,-0.0156,1.1753,-0.6117,358.5248,1.1546,356.1524,-0.0134,-0.0105,0.9998,0.5703,359.1693,0,-0.0513,-0.0105,0.9987,0.5673,356.9218,0,Player2Face,-0.0353,1.201,0.848,0.0062,0.7953,-0.2808,348.1104,224.0824,336.2763,FingerCubeReady,TABLE_Folding,2438.349,0,0,Cube1,-0.4,0.89,0,1,2399.701,2390.52158155,0.0192731035717961,0.0911,110.2416,3.9115,25.4027,28.1713,1
joint,5045,1,Responder,4,3,5,Initiator,1,1,3,2,1,0,-0.0193,1.1958,0.8353,7.6343,182.951,354.568,-0.0199,1.1939,0.8208,7.5866,182.5888,354.6877,1,-0.0298,0.0033,-0.0248,0.4127,-0.1086,0.9044,0.033,0.0068,-0.0249,0.3367,-0.0906,0.9372,-0.021,1.202,0.8448,-0.4043,-0.2545,-0.8785,1,Cube1,-0.3637,0.9862,0.1,Cube1,8819449411,-0.43,0.967,-0.0403,296.6773,137.0572,332.6842,Cube1,PlasterWallShort2,-0.0156,1.1753,-0.6117,358.5248,1.1546,356.1524,-0.0134,-0.0105,0.9998,0.5703,359.1693,0,-0.0513,-0.0105,0.9987,0.5673,356.9218,0,Player2Face,-0.0353,1.201,0.848,0.0062,0.7953,-0.2808,348.1066,224.0759,336.2877,FingerCubeReady,TABLE_Folding,2438.349,0,0,Cube1,-0.4,0.89,0,1,2399.711,2390.53097615,0.0192731035717961,0.092,110.1843,3.9115,25.4027,28.1713,1
joint,5045,1,Responder,4,3,5,Initiator,1,1,3,2,1,0,-0.0193,1.1958,0.8354,7.6292,182.9697,354.5769,-0.0199,1.1939,0.8208,7.5866,182.5888,354.6877,1,-0.0298,0.0033,-0.0248,0.4127,-0.1086,0.9044,0.033,0.0068,-0.0249,0.3367,-0.0906,0.9372,-0.021,1.202,0.8448,-0.4043,-0.2545,-0.8785,1,Cube1,-0.3637,0.9862,0.1,Cube1,8819449411,-0.4285,0.9687,-0.0408,296.5718,136.3861,333.2016,Cube1,PlasterWallShort2,-0.0157,1.1755,-0.6117,358.5335,1.1171,356.1455,-0.014,-0.0108,0.9998,0.5852,359.1888,0,-0.051,-0.0108,0.9987,0.582,356.9672,0,Player2Face,-0.0367,1.2004,0.8485,0.0062,0.7953,-0.2808,348.1066,224.0759,336.2877,FingerCubeReady,TABLE_Folding,2438.361,0,0,Cube1,-0.4,0.89,0,1,2399.722,2390.54211265,0.0192731035717961,0.0931,109.8399,3.9115,25.4027,28.1692,1
joint,5045,1,Responder,4,3,5,Initiator,1,1,3,2,1,0,-0.0192,1.1957,0.8354,7.6167,182.9802,354.5935,-0.0199,1.1939,0.8208,7.5866,182.5888,354.6877,1,-0.0298,0.0033,-0.0248,0.4127,-0.1086,0.9044,0.033,0.0068,-0.0249,0.3367,-0.0906,0.9372,-0.021,1.202,0.8448,-0.4043,-0.2545,-0.8785,1,Cube1,-0.3637,0.9862,0.1,Cube1,8819449411,-0.4277,0.9697,-0.041,296.5208,136.0629,333.4435,Cube1,PlasterWallShort2,-0.0159,1.1755,-0.6119,358.5232,1.0873,356.1543,-0.0123,-0.0112,0.9998,0.6013,359.2118,0,-0.0493,-0.0112,0.9988,0.5978,357.019,0,Player2Face,-0.035,1.2,0.8485,0.0062,0.7953,-0.2808,348.1076,224.076,336.2864,FingerCubeReady,TABLE_Folding,2438.372,0,0,Cube1,-0.4,0.89,0,1,2399.733,2390.55336805,0.0192731035717961,0.0938,109.6424,3.9115,25.4026,28.1654,1
joint,5045,1,Responder,4,3,5,Initiator,1,1,3,2,1,0,-0.0192,1.1957,0.8354,7.6115,182.9886,354.6005,-0.02,1.1939,0.8202,7.7059,182.6293,354.6311,1,-0.0298,0.0033,-0.0248,0.4085,-0.1081,0.9063,0.033,0.0068,-0.0248,0.3371,-0.0904,0.9371,-0.021,1.2021,0.8443,-0.4029,-0.2563,-0.8786,1,Cube1,-0.3623,0.985,0.1,Cube1,8819557720,-0.4261,0.9714,-0.0413,296.4067,135.4452,333.8862,Cube1,PlasterWallShort2,-0.0159,1.1757,-0.6122,358.5187,1.0598,356.1754,-0.0118,-0.0108,0.9998,0.6122,359.2444,0,-0.0489,-0.0108,0.9988,0.6093,357.0739,0,Player2Face,-0.0352,1.2006,0.8483,0.0062,0.7953,-0.2808,348.1078,224.076,336.2842,FingerCubeReady,TABLE_Folding,2438.383,0,0,Cube1,-0.4,0.89,0,1,2399.744,2390.56494365,0.0192731035717961,0.0949,109.1716,3.8089,25.3079,28.1491,1
joint,5045,1,Responder,4,3,5,Initiator,1,1,3,2,1,0,-0.0193,1.1957,0.8354,7.5881,182.9829,354.5996,-0.02,1.1938,0.8203,7.718,182.648,354.623,1,-0.0298,0.0033,-0.0248,0.4074,-0.1084,0.9068,0.033,0.0068,-0.0248,0.3364,-0.0913,0.9373,-0.021,1.202,0.8443,-0.4022,-0.2571,-0.8787,1,Cube1,-0.3617,0.9843,0.1,Cube1,8819566052,-0.4253,0.9721,-0.0417,296.3705,135.1241,334.1302,Cube1,PlasterWallShort2,-0.0161,1.1757,-0.6124,358.5289,1.0397,356.212,-0.0116,-0.0103,0.9998,0.6116,359.2734,0,-0.0503,-0.0103,0.9987,0.6102,357.1044,0,Player2Face,-0.0365,1.2011,0.8486,0.0062,0.7953,-0.2808,348.1062,224.0748,336.2878,FingerCubeReady,TABLE_Folding,2438.394,0,0,Cube1,-0.4,0.89,0,1,2399.757,2390.57738395,0.0192731035717961,0.0955,109.1036,3.7576,25.2599,28.1333,1
joint,5045,1,Responder,4,3,5,Initiator,1,1,3,2,1,0,-0.0193,1.1958,0.8353,7.5769,182.9931,354.595,-0.02,1.1939,0.8203,7.7247,182.6806,354.6133,1,-0.0298,0.0033,-0.0248,0.4071,-0.1088,0.9069,0.033,0.0068,-0.0248,0.3362,-0.0912,0.9373,-0.021,1.2021,0.8443,-0.4025,-0.2574,-0.8785,1,Cube1,-0.362,0.984,0.1,Cube1,8819574383,-0.4244,0.973,-0.0418,296.3343,134.8061,334.365,Cube1,PlasterWallShort2,-0.0164,1.1757,-0.6127,358.5287,1.0145,356.2414,-0.0111,-0.0103,0.9998,0.6063,359.3013,0,-0.0501,-0.0103,0.9987,0.6061,357.1173,0,Player2Face,-0.0366,1.201,0.8486,0.0062,0.7952,-0.2808,348.1034,224.075,336.2898,FingerCubeReady,TABLE_Folding,2438.405,0,0,Cube1,-0.4,0.89,0,1,2399.768,2390.58868935,0.0192731035717961,0.0961,108.8235,3.7437,25.2711,28.1472,1
joint,5045,1,Responder,4,3,5,Initiator,1,1,3,2,1,0,-0.0194,1.1958,0.8354,7.5728,182.9909,354.593,-0.0201,1.1938,0.8202,7.7081,182.7395,354.6019,1,-0.0298,0.0033,-0.0249,0.4068,-0.1085,0.907,0.033,0.0068,-0.0248,0.3365,-0.0908,0.9373,-0.021,1.202,0.8443,-0.4033,-0.2569,-0.8783,1,Cube1,-0.3628,0.9844,0.1,Cube1,8819591046,-0.4229,0.9745,-0.042,296.2743,134.1885,334.831,Cube1,PlasterWallShort2,-0.0165,1.1758,-0.613,358.5419,0.985,356.2643,-0.0103,-0.0106,0.9998,0.6037,359.3335,0,-0.0498,-0.0106,0.9987,0.6038,357.1266,0,Player2Face,-0.0366,1.2003,0.8489,0.0062,0.7953,-0.2808,348.1042,224.0748,336.2876,FingerCubeReady,TABLE_Folding,2438.417,0,0,Cube1,-0.4,0.89,0,1,2399.78,2390.59969995,0.0192731035717961,0.0971,108.421,3.7785,25.3289,28.1775,1
joint,5045,1,Responder,4,3,5,Initiator,1,1,3,2,1,0,-0.0194,1.1958,0.8355,7.5577,182.9805,354.5853,-0.0201,1.1938,0.8202,7.7008,182.7652,354.5925,1,-0.0298,0.0033,-0.0249,0.4066,-0.109,0.907,0.033,0.0068,-0.0248,0.3362,-0.0907,0.9374,-0.021,1.202,0.8443,-0.4035,-0.257,-0.8782,1,Cube1,-0.3629,0.9842,0.1,Cube1,8819599378,-0.4222,0.9754,-0.0421,296.2487,133.9079,335.0324,Cube1,PlasterWallShort2,-0.0168,1.1759,-0.6132,358.5229,0.9537,356.3073,-0.0113,-0.0138,0.9997,0.6338,359.3515,0,-0.0496,-0.0138,0.9987,0.6305,357.135,0,Player2Face,-0.0384,1.1962,0.8507,0.0062,0.7953,-0.2808,348.1035,224.0708,336.2912,FingerCubeReady,TABLE_Folding,2438.428,0,0,Cube1,-0.4,0.89,0,1,2399.79,2390.61082475,0.0192731035717961,0.0977,108.1504,3.7709,25.336,28.1832,1
joint,5045,1,Responder,4,3,5,Initiator,1,1,3,2,1,0,-0.0194,1.1957,0.8356,7.5575,182.996,354.5621,-0.0201,1.1938,0.8202,7.6669,182.8159,354.5558,1,-0.0298,0.0033,-0.0249,0.4066,-0.1098,0.907,0.033,0.0068,-0.0248,0.3362,-0.0903,0.9375,-0.021,1.202,0.8443,-0.4041,-0.2569,-0.8779,1,Cube1,-0.3636,0.9842,0.1,Cube1,8819616041,-0.4215,0.976,-0.0421,296.2335,133.634,335.2289,Cube1,PlasterWallShort2,-0.017,1.176,-0.6136,358.5233,0.9361,356.3415,-0.0127,-0.0107,0.9998,0.653,359.3438,0,-0.0497,-0.0107,0.9987,0.6495,357.1411,0,Player2Face,-0.0396,1.2008,0.8493,0.0062,0.7953,-0.2808,348.1046,224.0714,336.2908,FingerCubeReady,TABLE_Folding,2438.438,0,0,Cube1,-0.4,0.89,0,1,2399.802,2390.62219465,0.0192731035717961,0.0981,107.9431,3.7801,25.3758,28.2078,1
joint,5045,1,Responder,4,3,5,Initiator,1,1,3,2,1,0,-0.0194,1.1957,0.8357,7.5387,183.0128,354.5356,-0.02,1.1938,0.8202,7.6587,182.8436,354.5461,1,-0.0298,0.0033,-0.0249,0.4063,-0.1099,0.9071,0.033,0.0068,-0.0248,0.3358,-0.0898,0.9377,-0.0209,1.202,0.8443,-0.4042,-0.2566,-0.8779,1,Cube1,-0.3636,0.9845,0.1,Cube1,8819624373,-0.4202,0.977,-0.0423,296.2403,133.1113,335.602,Cube1,PlasterWallShort2,-0.0173,1.176,-0.6138,358.5148,0.9178,356.3629,-0.012,-0.0124,0.9998,0.663,359.3293,0,-0.049,-0.0124,0.9988,0.6601,357.1514,0,Player2Face,-0.0394,1.1985,0.8501,0.0062,0.7953,-0.2807,348.0988,224.0687,336.2933,FingerCubeReady,TABLE_Folding,2438.45,0,0,Cube1,-0.4,0.89,0,1,2399.813,2390.63302845,0.0192731035717961,0.0988,107.6987,3.7982,25.3817,28.1947,1
joint,5045,1,Responder,4,3,5,Initiator,1,1,3,2,1,0,-0.0194,1.1957,0.8358,7.5357,183.0285,354.5047,-0.02,1.1939,0.8202,7.6445,182.8709,354.5467,1,-0.0298,0.0033,-0.0249,0.4068,-0.1107,0.9068,0.033,0.0068,-0.0248,0.3355,-0.0892,0.9378,-0.0209,1.202,0.8443,-0.4048,-0.2565,-0.8777,1,Cube1,-0.3641,0.9845,0.1,Cube1,8819632704,-0.4197,0.9775,-0.0423,296.2538,132.8735,335.773,Cube1,PlasterWallShort2,-0.0175,1.1761,-0.6141,358.4913,0.8887,356.407,-0.0123,-0.0132,0.9998,0.6853,359.3188,0,-0.0488,-0.0132,0.9988,0.6814,357.1654,0,Player2Face,-0.0403,1.1979,0.8505,0.0062,0.7953,-0.2807,348.0991,224.0662,336.296,FingerCubeReady,TABLE_Folding,2438.461,0,0,Cube1,-0.4,0.89,0,1,2399.824,2390.64441645,0.0192731035717961,0.0992,107.5424,3.8095,25.4139,28.2124,1
joint,5045,1,Responder,4,3,5,Initiator,1,1,3,2,1,0,-0.0194,1.1957,0.8358,7.5365,183.0515,354.505,-0.02,1.1939,0.8203,7.6332,182.8915,354.5518,1,-0.0298,0.0033,-0.0249,0.4077,-0.1109,0.9064,0.033,0.0068,-0.0248,0.3354,-0.0893,0.9378,-0.0208,1.202,0.8443,-0.4054,-0.2564,-0.8774,1,Cube1,-0.3648,0.9845,0.1,Cube1,8819641036,-0.4192,0.978,-0.0423,296.2742,132.663,335.9324,Cube1,PlasterWallShort2,-0.0178,1.1761,-0.6144,358.4707,0.8572,356.4489,-0.0135,-0.0122,0.9998,0.6991,359.3008,0,-0.0485,-0.0122,0.9988,0.6957,357.1795,0,Player2Face,-0.0417,1.2001,0.85,0.0062,0.7953,-0.2807,348.0995,224.0703,336.2926,FingerCubeReady,TABLE_Folding,2438.472,0,0,Cube1,-0.4,0.89,0,1,2399.835,2390.65534585,0.0192731035717961,0.0995,107.3832,3.8182,25.4526,28.2374,1
joint,5045,1,Responder,4,3,5,Initiator,1,1,3,2,1,0,-0.0194,1.1956,0.8359,7.5204,183.0767,354.5183,-0.02,1.1939,0.8204,7.6312,182.9222,354.5631,1,-0.0299,0.0033,-0.0247,0.4012,-0.1031,0.9102,0.033,0.0068,-0.0245,0.3361,-0.0815,0.9383,-0.0208,1.202,0.8442,-0.4039,-0.2486,-0.8804,1,Cube1,-0.3653,0.99,0.0935,Cube1,8819657699,-0.4184,0.9784,-0.0423,296.3237,132.3082,336.2107,Cube1,PlasterWallShort2,-0.0181,1.1761,-0.6144,358.4435,0.8187,356.4996,-0.0142,-0.0095,0.9997,0.6769,359.2698,0,-0.0476,-0.0095,0.9989,0.6774,357.201,0,Player2Face,-0.0425,1.2048,0.8488,0.0062,0.7953,-0.2807,348.097,224.0728,336.2922,FingerCubeReady,TABLE_Folding,2438.483,0,0,Cube1,-0.4,0.89,0,1,2399.846,2390.66687005,0.0192731035717961,0.0997,107.2283,4.258,25.4336,27.8856,1
joint,5045,1,Responder,4,3,5,Initiator,1,1,3,2,1,0,-0.0194,1.1957,0.8359,7.5195,183.1184,354.5186,-0.0201,1.1938,0.8205,7.6342,182.9422,354.5663,1,-0.0299,0.0035,-0.0252,0.3783,-0.0988,0.9204,0.0329,0.0068,-0.0245,0.3279,-0.0761,0.9416,-0.0208,1.2021,0.8445,-0.3895,-0.2432,-0.8883,1,Cube1,-0.3605,0.99,0.0698,Cube1,8819666030,-0.4181,0.9786,-0.0423,296.3459,132.1683,336.318,Cube1,PlasterWallShort2,-0.0184,1.1761,-0.6147,358.4028,0.7713,356.5502,-0.0126,-0.0068,0.9998,0.6096,359.2554,0,-0.0478,-0.0068,0.9989,0.6167,357.2225,0,Player2Face,-0.0425,1.2097,0.8475,0.0062,0.7953,-0.2807,348.0947,224.073,336.2942,FingerCubeReady,TABLE_Folding,2438.495,0,0,Cube1,-0.4,0.89,0,1,2399.858,2390.67850645,0.0192731035717961,0.0999,107.1576,4.5804,24.6231,26.8917,1
joint,5045,1,Responder,4,3,5,Initiator,1,1,3,2,1,0,-0.0194,1.1956,0.8358,7.5212,183.156,354.5335,-0.0201,1.1938,0.8205,7.6324,182.958,354.5713,1,-0.0299,0.0035,-0.025,0.3728,-0.089,0.9236,0.0329,0.0069,-0.0246,0.3127,-0.0704,0.9472,-0.0208,1.2021,0.8444,-0.3805,-0.2351,-0.8944,1,Cube1,-0.364,0.99,0.0379,Cube1,8819674362,-0.4179,0.9788,-0.0423,296.3725,132.0443,336.4134,Cube1,PlasterWallShort2,-0.0186,1.1762,-0.6149,358.3681,0.7208,356.6077,-0.0145,-0.0104,0.9997,0.5697,359.24,0,-0.0477,-0.0104,0.9989,0.5771,357.2384,0,Player2Face,-0.0455,1.2054,0.8496,0.0062,0.7953,-0.2807,348.0909,224.07,336.2922,FingerCubeReady,TABLE_Folding,2438.506,0,0,Cube1,-0.4,0.89,0,1,2399.868,2390.68886655,0.0192731035717961,0.1,107.0805,5.146,24.1891,26.1276,1
joint,5045,1,Responder,4,3,5,Initiator,1,1,3,2,1,0,-0.0194,1.1956,0.8358,7.5287,183.1934,354.5484,-0.02,1.1937,0.8205,7.6183,182.9789,354.5913,1,-0.0299,0.0035,-0.025,0.3735,-0.0837,0.9238,0.0328,0.0069,-0.0244,0.3112,-0.0679,0.9479,-0.0207,1.202,0.8444,-0.3809,-0.231,-0.8953,1,Cube1,-0.3703,0.99,0.0226,Cube1,8819691025,-0.4174,0.979,-0.0423,296.4418,131.8283,336.5845,Cube1,PlasterWallShort2,-0.0189,1.1764,-0.6153,358.3651,0.6609,356.6419,-0.0133,-0.0114,0.9998,0.5765,359.2288,0,-0.0468,-0.0114,0.9989,0.5799,357.2556,0,Player2Face,-0.0458,1.2041,0.8501,0.0062,0.7953,-0.2807,348.0895,224.0713,336.2968,FingerCubeReady,TABLE_Folding,2438.517,0,0,Cube1,-0.4,0.89,0,1,2399.88,2390.70078235,0.0192731035717961,0.1,107.0085,5.3862,24.2599,26.0066,1
joint,5045,1,Responder,4,3,5,Initiator,1,1,3,2,1,0,-0.0194,1.1956,0.8358,7.5223,183.2078,354.5525,-0.02,1.1937,0.8205,7.6136,182.9852,354.5976,1,-0.0299,0.0035,-0.025,0.3743,-0.084,0.9235,0.0328,0.0069,-0.0244,0.3151,-0.0643,0.9469,-0.0207,1.202,0.8444,-0.3835,-0.2293,-0.8946,1,Cube1,-0.3752,0.99,0.0174,Cube1,8819699356,-0.4173,0.979,-0.0423,296.4833,131.7333,336.663,Cube1,PlasterWallShort2,-0.0191,1.1764,-0.6156,358.358,0.5922,356.677,-0.012,-0.0148,0.9997,0.6287,359.2398,0,-0.0457,-0.0148,0.9989,0.6256,357.2837,0,Player2Face,-0.0462,1.1993,0.8519,0.0062,0.7953,-0.2807,348.088,224.0741,336.2975,FingerCubeReady,TABLE_Folding,2438.528,0,0,Cube1,-0.4,0.89,0,1,2399.891,2390.71098085,0.0192731035717961,0.1,107.0068,5.451,24.4337,26.0913,1
joint,5045,1,Responder,4,3,5,Initiator,1,1,3,2,1,0,-0.0193,1.1956,0.8358,7.5307,183.2342,354.5495,-0.0201,1.1937,0.8206,7.5892,182.9832,354.5996,1,-0.0299,0.0035,-0.025,0.3726,-0.0835,0.9242,0.0328,0.0069,-0.0244,0.3144,-0.061,0.9473,-0.0208,1.202,0.8445,-0.3825,-0.227,-0.8956,1,Cube1,-0.3779,0.99,0.0083,Cube1,8819716019,-0.4171,0.9788,-0.0422,296.5266,131.636,336.7422,Cube1,PlasterWallShort2,-0.0196,1.1765,-0.616,358.3486,0.5276,356.7029,-0.0102,-0.016,0.9998,0.7105,359.2783,0,-0.0447,-0.016,0.9989,0.7016,357.3232,0,Player2Face,-0.0461,1.1977,0.8525,0.0062,0.7953,-0.2807,348.0876,224.076,336.2989,FingerCubeReady,TABLE_Folding,2438.539,0,0,Cube1,-0.4,0.89,0,1,2399.902,2390.72247165,0.0192731035717961,0.0998,106.9572,5.5946,24.4107,25.9562,1
joint,5045,1,Responder,4,3,5,Initiator,1,1,3,2,1,0,-0.0193,1.1956,0.8357,7.5123,183.2348,354.575,-0.0201,1.1938,0.8205,7.5804,182.9899,354.5965,1,-0.0299,0.0035,-0.025,0.3719,-0.0839,0.9245,0.0328,0.0069,-0.0244,0.3131,-0.061,0.9477,-0.0208,1.202,0.8444,-0.3816,-0.2271,-0.896,1,Cube1,-0.3771,0.99,0.0078,Cube1,8819724351,-0.4169,0.9788,-0.0421,296.5712,131.5515,336.8115,Cube1,PlasterWallShort2,-0.0201,1.1768,-0.6163,358.3575,0.4573,356.7191,-0.0086,-0.0176,0.9998,0.7981,359.3376,0,-0.0447,-0.0176,0.9989,0.7858,357.3611,0,Player2Face,-0.0471,1.1951,0.8538,0.0062,0.7953,-0.2807,348.087,224.0832,336.3012,FingerCubeReady,TABLE_Folding,2438.55,0,0,Cube1,-0.4,0.89,0,1,2399.914,2390.73447325,0.0192731035717961,0.0997,106.9181,5.6064,24.3604,25.8943,1
joint,5045,1,Responder,4,3,5,Initiator,1,1,3,2,1,0,-0.0193,1.1956,0.8357,7.4873,183.2172,354.5833,-0.0201,1.1938,0.8205,7.5751,182.9921,354.5942,1,-0.0299,0.0035,-0.025,0.3717,-0.0842,0.9245,0.0328,0.0069,-0.0244,0.3133,-0.061,0.9477,-0.0208,1.2021,0.8444,-0.3817,-0.2272,-0.896,1,Cube1,-0.3771,0.99,0.0081,Cube1,8819732682,-0.4166,0.9785,-0.0421,296.6587,131.4013,336.9341,Cube1,PlasterWallShort2,-0.0205,1.177,-0.6168,358.3607,0.3771,356.7619,-0.0074,-0.0169,0.9998,0.8686,359.4091,0,-0.0433,-0.0169,0.999,0.8563,357.4026,0,Player2Face,-0.0473,1.1961,0.8535,0.0062,0.7953,-0.2807,348.0849,224.0865,336.3016,FingerCubeReady,TABLE_Folding,2438.562,0,0,Cube1,-0.4,0.89,0,1,2399.925,2390.74503125,0.0192731035717961,0.0994,106.9378,5.6014,24.3622,25.8889,1
joint,5045,1,Responder,4,3,5,Initiator,1,1,3,2,1,0,-0.0192,1.1956,0.8357,7.4773,183.204,354.6099,-0.0202,1.1938,0.8206,7.5586,182.9812,354.5858,1,-0.0299,0.0035,-0.025,0.371,-0.0847,0.9248,0.0328,0.0069,-0.0244,0.3134,-0.0607,0.9477,-0.0209,1.202,0.8446,-0.3811,-0.227,-0.8962,1,Cube1,-0.3768,0.99,0.0075,Cube1,8819749345,-0.4165,0.9782,-0.0419,296.6997,131.3309,336.989,Cube1,PlasterWallShort2,-0.021,1.1771,-0.6172,358.3573,0.3085,356.8027,-0.0052,-0.016,0.9998,0.9024,359.4911,0,-0.0419,-0.016,0.999,0.8932,357.4536,0,Player2Face,-0.0465,1.1973,0.8528,0.0062,0.7953,-0.2808,348.0857,224.0942,336.2996,FingerCubeReady,TABLE_Folding,2438.573,0,0,Cube1,-0.4,0.89,0,1,2399.936,2390.75598895,0.0192731035717961,0.0991,106.9451,5.6125,24.332,25.8403,1
joint,5045,1,Responder,4,3,5,Initiator,1,1,3,2,1,0,-0.0191,1.1956,0.8357,7.4698,183.1694,354.617,-0.0202,1.1938,0.8207,7.5575,182.9909,354.5697,1,-0.0299,0.0035,-0.025,0.3705,-0.0848,0.925,0.0328,0.0069,-0.0244,0.3134,-0.0616,0.9476,-0.0208,1.202,0.8446,-0.381,-0.2276,-0.8962,1,Cube1,-0.3758,0.99,0.0097,Cube1,8819757677,-0.4165,0.9779,-0.0419,296.7386,131.2734,337.0318,Cube1,PlasterWallShort2,-0.0216,1.1773,-0.6176,358.357,0.2176,356.8166,-0.0029,-0.016,0.9998,0.9136,359.5819,0,-0.0408,-0.016,0.9991,0.9076,357.5081,0,Player2Face,-0.0467,1.1972,0.8529,0.0062,0.7954,-0.2808,348.0828,224.0968,336.299,FingerCubeReady,TABLE_Folding,2438.583,0,0,Cube1,-0.4,0.89,0,1,2399.947,2390.76744105,0.0192731035717961,0.0988,106.987,5.5798,24.3149,25.8348,1
joint,5045,1,Responder,4,3,5,Initiator,1,1,3,2,1,0,-0.0191,1.1956,0.8357,7.4604,183.14,354.6148,-0.0202,1.1937,0.8208,7.5495,183.0031,354.5508,1,-0.0299,0.0035,-0.025,0.3706,-0.0853,0.9248,0.0328,0.0069,-0.0244,0.3127,-0.0625,0.9478,-0.0208,1.202,0.8447,-0.3808,-0.2282,-0.8961,1,Cube1,-0.3745,0.99,0.0124,Cube1,8819766009,-0.4165,0.9774,-0.0418,296.8101,131.1675,337.1049,Cube1,PlasterWallShort2,-0.0221,1.1776,-0.6181,358.3632,0.1339,356.8462,-0.0018,-0.016,0.9998,0.9177,359.6824,0,-0.0393,-0.016,0.9991,0.9142,357.5743,0,Player2Face,-0.0472,1.1969,0.8531,0.0062,0.7953,-0.2808,348.0785,224.102,336.3066,FingerCubeReady,TABLE_Folding,2438.595,0,0,Cube1,-0.4,0.89,0,1,2399.958,2390.77831675,0.0192731035717961,0.0983,107.1059,5.5405,24.2928,25.831,1
joint,5045,1,Responder,4,3,5,Initiator,1,1,3,2,1,0,-0.0191,1.1956,0.8357,7.4473,183.1026,354.6183,-0.0202,1.1937,0.8209,7.536,183.0272,354.5073,1,-0.0299,0.0035,-0.025,0.3707,-0.0849,0.9248,0.0328,0.0069,-0.0244,0.3129,-0.0621,0.9477,-0.0209,1.202,0.8448,-0.3813,-0.2279,-0.8959,1,Cube1,-0.3755,0.99,0.0115,Cube1,8819782672,-0.4165,0.9772,-0.0418,296.8389,131.1217,337.1361,Cube1,PlasterWallShort2,-0.0226,1.1778,-0.6185,358.3758,0.0345,356.9615,-0.0002,-0.0144,0.9999,0.9035,359.7788,0,-0.0376,-0.0144,0.9992,0.9029,357.6497,0,Player2Face,-0.0474,1.1988,0.8525,0.0062,0.7953,-0.2808,348.0743,224.1031,336.3134,FingerCubeReady,TABLE_Folding,2438.606,0,0,Cube1,-0.4,0.89,0,1,2399.969,2390.78954435,0.0192731035717961,0.0981,107.1716,5.551,24.3284,25.8399,1
joint,5045,1,Responder,4,3,5,Initiator,1,1,3,2,1,0,-0.0192,1.1956,0.8357,7.4441,183.0671,354.6152,-0.0202,1.1937,0.821,7.5362,183.0441,354.5049,1,-0.0299,0.0035,-0.025,0.371,-0.0848,0.9248,0.0328,0.0069,-0.0244,0.313,-0.0622,0.9477,-0.0209,1.2019,0.8449,-0.3817,-0.2279,-0.8958,1,Cube1,-0.3758,0.99,0.0118,Cube1,8819791003,-0.4167,0.9765,-0.0418,296.8875,131.0481,337.185,Cube1,PlasterWallShort2,-0.023,1.1779,-0.6191,358.4027,359.9107,357.1432,0.0055,-0.0139,0.9999,0.8744,359.913,0,-0.0356,-0.0139,0.9993,0.8763,357.7362,0,Player2Face,-0.0451,1.1985,0.8519,0.0062,0.7953,-0.2808,348.0765,224.1045,336.317,FingerCubeReady,TABLE_Folding,2438.618,0,0,Cube1,-0.4,0.89,0,1,2399.982,2390.80218415,0.0192731035717961,0.0975,107.394,5.5428,24.3527,25.8504,1
joint,5045,1,Responder,4,3,5,Initiator,1,1,3,2,1,0,-0.0191,1.1956,0.8356,7.4446,183.0468,354.5971,-0.0202,1.1937,0.821,7.5298,183.062,354.5105,1,-0.0299,0.0035,-0.025,0.371,-0.084,0.9248,0.0328,0.0069,-0.0244,0.3131,-0.0624,0.9476,-0.0209,1.2019,0.8449,-0.3821,-0.2275,-0.8957,1,Cube1,-0.3768,0.99,0.0105,Cube1,8819799335,-0.4169,0.9762,-0.0418,296.9084,131.0214,337.2009,Cube1,PlasterWallShort2,-0.0242,1.1781,-0.6203,358.4815,359.6079,357.4235,0.0141,-0.0157,0.9996,0.866,0.3922,0,-0.0264,-0.0157,0.9996,0.8673,358.03,0,Player2Face,-0.0402,1.1931,0.8526,0.0062,0.7953,-0.2808,348.0736,224.1016,336.3201,FingerCubeReady,TABLE_Folding,2438.64,0,0,Cube1,-0.4,0.89,0,1,2399.992,2390.81198505,0.0192731035717961,0.0973,107.4954,5.5606,24.3809,25.8243,1
joint,5045,1,Responder,4,3,5,Initiator,1,1,3,2,1,0,-0.0192,1.1956,0.8356,7.4426,183.0189,354.5708,-0.0202,1.1937,0.821,7.5196,183.1122,354.5186,1,-0.0299,0.0035,-0.025,0.3713,-0.0845,0.9247,0.0328,0.0069,-0.0245,0.3128,-0.063,0.9477,-0.0209,1.2019,0.8449,-0.3828,-0.2278,-0.8953,1,Cube1,-0.377,0.99,0.0121,Cube1,8819815998,-0.4169,0.9759,-0.0418,296.9281,130.9999,337.2154,Cube1,PlasterWallShort2,-0.0242,1.1781,-0.6203,358.4815,359.6079,357.4235,0.0141,-0.0157,0.9996,0.866,0.3922,0,-0.0264,-0.0157,0.9996,0.8673,358.03,0,Player2Face,-0.0402,1.1931,0.8526,0.0062,0.7952,-0.2808,348.0695,224.1125,336.305,FingerCubeReady,TABLE_Folding,2438.64,0,0,Cube1,-0.4,0.89,0,1,2400.003,2390.82312805,0.0192731035717961,0.097,107.6137,5.5323,24.4184,25.8755,1
joint,5045,1,Responder,4,3,5,Initiator,1,1,3,2,1,0,-0.0193,1.1956,0.8356,7.4342,183.0059,354.559,-0.0202,1.1937,0.821,7.5206,183.1424,354.5281,1,-0.0299,0.0035,-0.025,0.3712,-0.0848,0.9247,0.0328,0.0069,-0.0245,0.3122,-0.0632,0.9479,-0.0209,1.2019,0.8449,-0.3829,-0.228,-0.8952,1,Cube1,-0.3768,0.99,0.0128,Cube1,8819824329,-0.4173,0.9751,-0.0417,296.969,130.9672,337.2375,Cube1,PlasterWallShort2,-0.0246,1.1783,-0.6209,358.463,359.4543,357.4621,0.0195,-0.0141,0.9996,0.8613,0.6126,0,-0.0248,-0.0141,0.9997,0.862,358.2046,0,Player2Face,-0.0392,1.196,0.8513,0.0062,0.7952,-0.2808,348.0695,224.1125,336.305,FingerCubeReady,TABLE_Folding,2438.651,0,0,Cube1,-0.4,0.89,0,1,2400.014,2390.83414715,0.0192731035717961,0.0964,107.8057,5.5223,24.4226,25.8767,1
joint,5045,1,Responder,4,3,5,Initiator,1,1,3,2,1,0,-0.0194,1.1956,0.8356,7.4391,182.9888,354.5363,-0.0202,1.1937,0.821,7.5241,183.1704,354.5392,1,-0.0299,0.0035,-0.025,0.3714,-0.0847,0.9246,0.0328,0.0069,-0.0245,0.3126,-0.0636,0.9477,-0.0208,1.2019,0.8449,-0.3837,-0.2282,-0.8948,1,Cube1,-0.3771,0.99,0.0139,Cube1,8819832661,-0.4174,0.9748,-0.0416,296.9883,130.9611,337.2402,Cube1,PlasterWallShort2,-0.0251,1.1785,-0.6214,358.4203,359.2939,357.4818,0.0329,-0.0141,0.9993,0.8459,0.9264,0,-0.0235,-0.0141,0.9997,0.8461,358.3588,0,Player2Face,-0.0327,1.1966,0.8498,0.0062,0.7952,-0.2808,348.0649,224.1126,336.2973,FingerCubeReady,TABLE_Folding,2438.663,0,0,Cube1,-0.4,0.89,0,1,2400.025,2390.84542965,0.0192731035717961,0.0961,107.8742,5.5009,24.4627,25.911,1
joint,5045,1,Responder,4,3,5,Initiator,1,1,3,2,1,0,-0.0195,1.1956,0.8356,7.4329,182.9896,354.4964,-0.0202,1.1937,0.821,7.5228,183.2065,354.5522,1,-0.0299,0.0035,-0.025,0.3721,-0.0857,0.9242,0.0328,0.0069,-0.0245,0.3128,-0.0639,0.9477,-0.0208,1.2019,0.8449,-0.3846,-0.2287,-0.8943,1,Cube1,-0.3771,0.99,0.0165,Cube1,8819849324,-0.4176,0.9744,-0.0416,297.0087,130.9565,337.242,Cube1,PlasterWallShort2,-0.0258,1.1787,-0.622,358.3745,359.1382,357.4888,0.0362,-0.0152,0.9991,0.8417,1.2357,0,-0.0182,-0.0152,0.9998,0.842,358.5014,0,Player2Face,-0.0307,1.196,0.8497,0.0062,0.7952,-0.2808,348.0568,224.1038,336.2834,FingerCubeReady,TABLE_Folding,2438.673,0,0,Cube1,-0.4,0.89,0,1,2400.036,2390.85619025,0.0192731035717961,0.0957,108.0001,5.4583,24.5101,25.9627,1
joint,5045,1,Responder,4,3,5,Initiator,1,1,3,2,1,0,-0.0196,1.1957,0.8356,7.4431,182.9831,354.4622,-0.0202,1.1937,0.8209,7.5278,183.2249,354.5505,1,-0.0299,0.0035,-0.025,0.3721,-0.0847,0.9243,0.0328,0.0069,-0.0245,0.3121,-0.0645,0.9479,-0.0208,1.2019,0.8449,-0.3845,-0.2286,-0.8944,1,Cube1,-0.3773,0.99,0.0158,Cube1,8819857655,-0.4179,0.9736,-0.0416,297.0497,130.9619,337.2298,Cube1,PlasterWallShort2,-0.0264,1.1788,-0.6224,358.3174,358.9699,357.5002,0.0388,-0.0162,0.999,0.8555,1.552,0,-0.0124,-0.0162,0.9999,0.8568,358.7111,0,Player2Face,-0.0297,1.1961,0.8496,0.0062,0.7952,-0.2808,348.0515,224.1016,336.2786,FingerCubeReady,TABLE_Folding,2438.684,0,0,Cube1,-0.4,0.89,0,1,2400.048,2390.86870495,0.0192731035717961,0.0951,108.2489,5.4697,24.5069,25.9329,1
joint,5045,1,Responder,4,3,5,Initiator,1,1,3,2,1,0,-0.0197,1.1957,0.8356,7.4508,182.9912,354.4277,-0.0201,1.1937,0.8209,7.5241,183.2344,354.5586,1,-0.0299,0.0035,-0.025,0.3717,-0.0849,0.9245,0.0329,0.0069,-0.0245,0.3124,-0.0648,0.9477,-0.0207,1.2019,0.8448,-0.3847,-0.2288,-0.8943,1,Cube1,-0.377,0.99,0.0165,Cube1,8819865987,-0.418,0.9732,-0.0416,297.0725,130.9728,337.219,Cube1,PlasterWallShort2,-0.027,1.179,-0.6229,358.2958,358.8139,357.4802,0.0447,-0.0183,0.9988,0.8935,1.8442,0,0.0006,-0.0183,0.9998,0.8977,359.0318,0,Player2Face,-0.02,1.1931,0.8498,0.0062,0.7952,-0.2808,348.0485,224.0983,336.2719,FingerCubeReady,TABLE_Folding,2438.696,0,0,Cube1,-0.4,0.89,0,1,2400.059,2390.87871485,0.0192731035717961,0.0948,108.3852,5.4589,24.5087,25.9263,1
joint,5045,1,Responder,4,3,5,Initiator,1,1,3,2,1,0,-0.0197,1.1957,0.8356,7.4615,183.0025,354.4055,-0.0201,1.1937,0.8208,7.4911,183.2199,354.5821,1,-0.0299,0.0035,-0.025,0.3719,-0.0853,0.9243,0.0329,0.0069,-0.0245,0.3114,-0.0652,0.948,-0.0207,1.2019,0.8448,-0.3841,-0.2284,-0.8946,1,Cube1,-0.3769,0.99,0.015,Cube1,8819882650,-0.4183,0.9729,-0.0415,297.0935,130.9924,337.1981,Cube1,PlasterWallShort2,-0.0275,1.1793,-0.6232,358.2839,358.6886,357.4687,0.0462,-0.0149,0.9988,0.9122,2.1058,0,0.0038,-0.0149,0.9999,0.9155,359.4038,0,Player2Face,-0.02,1.1982,0.8479,0.0062,0.7952,-0.2808,348.0463,224.0954,336.2334,FingerCubeReady,TABLE_Folding,2438.707,0,0,Cube1,-0.4,0.89,0,1,2400.07,2390.89023585,0.0192731035717961,0.0945,108.4348,5.4841,24.4762,25.8712,1
joint,5045,1,Responder,4,3,5,Initiator,1,1,3,2,1,0,-0.0198,1.1957,0.8356,7.4603,183.0132,354.3906,-0.02,1.1937,0.8208,7.4811,183.2091,354.5996,1,-0.0299,0.0035,-0.025,0.3718,-0.0855,0.9244,0.0329,0.0069,-0.0245,0.3111,-0.0658,0.9481,-0.0206,1.2019,0.8448,-0.3837,-0.2286,-0.8947,1,Cube1,-0.3763,0.99,0.0154,Cube1,8819890981,-0.4185,0.9724,-0.0414,297.1303,131.0431,337.1443,Cube1,PlasterWallShort2,-0.0281,1.1795,-0.6237,358.2547,358.5789,357.4482,0.0467,-0.0156,0.9987,0.9089,2.3091,0,0.0019,-0.0156,0.9999,0.9097,359.6904,0,Player2Face,-0.0246,1.1983,0.8481,0.0062,0.7952,-0.2808,348.0463,224.0916,336.2038,FingerCubeReady,TABLE_Folding,2438.718,0,0,Cube1,-0.4,0.89,0,1,2400.081,2390.90146715,0.0192731035717961,0.094,108.5596,5.4794,24.4493,25.835,1
joint,5045,1,Responder,4,3,5,Initiator,1,1,3,2,1,0,-0.0198,1.1957,0.8356,7.4612,183.0177,354.3846,-0.02,1.1936,0.8208,7.4746,183.1916,354.6124,1,-0.03,0.0035,-0.025,0.3721,-0.0854,0.9243,0.0329,0.0069,-0.0245,0.3109,-0.0659,0.9482,-0.0206,1.2019,0.8448,-0.3835,-0.2284,-0.8949,1,Cube1,-0.3763,0.99,0.0148,Cube1,8819899313,-0.4186,0.9721,-0.0412,297.1487,131.0692,337.1166,Cube1,PlasterWallShort2,-0.0287,1.1797,-0.6242,358.2312,358.4726,357.4335,0.0572,-0.0129,0.9982,0.8797,2.5492,0,0.0011,-0.0129,1,0.8753,359.8678,0,Player2Face,-0.0204,1.2027,0.8464,0.0062,0.7952,-0.2808,348.0319,224.1051,336.1602,FingerCubeReady,TABLE_Folding,2438.73,0,0,Cube1,-0.4,0.89,0,1,2400.092,2390.91232795,0.0192731035717961,0.0938,108.5595,5.4902,24.4365,25.7999,1
joint,5045,1,Responder,4,3,5,Initiator,1,1,3,2,1,0,-0.0198,1.1957,0.8356,7.4489,183.001,354.371,-0.02,1.1937,0.8208,7.4618,183.1442,354.6151,1,-0.03,0.0035,-0.025,0.3728,-0.0855,0.924,0.0329,0.0069,-0.0245,0.3102,-0.0657,0.9484,-0.0206,1.2019,0.8448,-0.3828,-0.2281,-0.8952,1,Cube1,-0.3762,0.99,0.0132,Cube1,8819915976,-0.4188,0.9719,-0.0412,297.1656,131.0942,337.0909,Cube1,PlasterWallShort2,-0.0294,1.1798,-0.6247,358.2205,358.3869,357.4125,0.0487,-0.0161,0.9985,0.8654,2.7024,0,0.0023,-0.0161,1,0.8606,359.9626,0,Player2Face,-0.0289,1.1988,0.8484,0.0062,0.7952,-0.2808,347.9996,224.0784,335.9796,FingerCubeReady,TABLE_Folding,2438.74,0,0,Cube1,-0.4,0.89,0,1,2400.104,2390.92392885,0.0192731035717961,0.0936,108.6106,5.5183,24.401,25.7296,1
joint,5045,1,Responder,4,3,5,Initiator,1,1,3,2,1,0,-0.0199,1.1957,0.8355,7.4465,182.9997,354.3701,-0.0199,1.1937,0.8208,7.4525,183.1175,354.6169,1,-0.03,0.0035,-0.025,0.3731,-0.0847,0.9239,0.0329,0.0069,-0.0245,0.3103,-0.0649,0.9484,-0.0206,1.2019,0.8448,-0.3827,-0.2272,-0.8955,1,Cube1,-0.3774,0.99,0.0097,Cube1,8819924307,-0.419,0.9715,-0.0411,297.1999,131.1427,337.0439,Cube1,PlasterWallShort2,-0.0301,1.18,-0.6252,358.2037,358.3177,357.4013,0.0539,-0.0158,0.9983,0.8714,2.81,0,0.0057,-0.0158,0.9999,0.8693,0.0615,0,Player2Face,-0.0246,1.1994,0.8477,0.0062,0.7952,-0.2808,347.9625,224.0377,335.9044,FingerCubeReady,TABLE_Folding,2438.751,0,0,Cube1,-0.4,0.89,0,1,2400.115,2390.93528565,0.0192731035717961,0.0933,108.7054,5.5713,24.4055,25.6753,1
joint,5045,1,Responder,4,3,5,Initiator,1,1,3,2,1,0,-0.0198,1.1956,0.8356,7.4438,182.9961,354.3652,-0.0199,1.1937,0.8209,7.4463,183.0917,354.6174,1,-0.03,0.0035,-0.025,0.3726,-0.0845,0.9241,0.0329,0.0069,-0.0245,0.3097,-0.0647,0.9486,-0.0206,1.2019,0.8448,-0.3817,-0.2269,-0.896,1,Cube1,-0.377,0.99,0.0082,Cube1,8819932639,-0.4191,0.9713,-0.041,297.214,131.1653,337.0197,Cube1,PlasterWallShort2,-0.0308,1.1802,-0.6256,358.186,358.2607,357.4178,0.0578,-0.0159,0.9981,0.8814,2.9349,0,0.0044,-0.0159,0.9999,0.8814,0.1427,0,Player2Face,-0.0245,1.1997,0.8476,0.0062,0.7952,-0.2808,347.9309,224.0269,335.7965,FingerCubeReady,TABLE_Folding,2438.762,0,0,Cube1,-0.4,0.89,0,1,2400.126,2390.94647355,0.0192731035717961,0.0931,108.6928,5.5981,24.3547,25.595,1
joint,5045,1,Responder,4,3,5,Initiator,1,1,3,2,1,0,-0.0199,1.1956,0.8357,7.4408,182.9732,354.374,-0.0199,1.1937,0.8208,7.4445,183.0508,354.6006,1,-0.0299,0.0035,-0.025,0.3724,-0.0846,0.9242,0.0329,0.0069,-0.0245,0.3103,-0.0648,0.9484,-0.0206,1.2019,0.8448,-0.3812,-0.2271,-0.8962,1,Cube1,-0.3764,0.99,0.0085,Cube1,8819949302,-0.4191,0.9713,-0.0409,297.228,131.183,336.9998,Cube1,PlasterWallShort2,-0.0315,1.1803,-0.626,358.1539,358.1902,357.4566,0.0576,-0.0183,0.998,0.9116,3.0588,0,0.0032,-0.0183,0.9999,0.9157,0.1811,0,Player2Face,-0.0279,1.1971,0.8488,0.0062,0.7952,-0.2807,347.8918,223.924,335.5641,FingerCubeReady,TABLE_Folding,2438.774,0,0,Cube1,-0.4,0.89,0,1,2400.137,2390.95770145,0.0192731035717961,0.093,108.6807,5.5967,24.3252,25.5532,1
joint,5045,1,Responder,4,3,5,Initiator,1,1,3,2,1,0,-0.0198,1.1957,0.8358,7.4418,182.953,354.3834,-0.02,1.1937,0.8208,7.4434,183.0307,354.5819,1,-0.0299,0.0035,-0.025,0.3728,-0.0845,0.924,0.0329,0.0069,-0.0245,0.3105,-0.0651,0.9483,-0.0207,1.2019,0.8448,-0.3812,-0.2273,-0.8961,1,Cube1,-0.376,0.99,0.0093,Cube1,8819957634,-0.4193,0.971,-0.0407,297.2561,131.1985,336.9786,Cube1,PlasterWallShort2,-0.0321,1.1804,-0.6263,358.1192,358.1239,357.5232,0.0547,-0.0206,0.9981,0.9677,3.1233,0,0.0013,-0.0206,0.9999,0.9774,0.1737,0,Player2Face,-0.0339,1.195,0.8504,0.0062,0.7952,-0.2807,347.9071,223.9282,335.3593,FingerCubeReady,TABLE_Folding,2438.785,0,0,Cube1,-0.4,0.89,0,1,2400.148,2390.96887325,0.0192731035717961,0.0927,108.6889,5.585,24.3215,25.5407,1
joint,5045,1,Responder,4,3,5,Initiator,1,1,3,2,1,0,-0.0197,1.1957,0.8358,7.4397,182.9453,354.3904,-0.02,1.1937,0.8208,7.4398,183.0146,354.5669,1,-0.0299,0.0035,-0.025,0.3723,-0.0845,0.9243,0.0329,0.0069,-0.0245,0.3104,-0.0649,0.9484,-0.0207,1.2019,0.8448,-0.3806,-0.2272,-0.8964,1,Cube1,-0.3757,0.99,0.0087,Cube1,8819965965,-0.4194,0.971,-0.0407,297.2688,131.1986,336.9745,Cube1,PlasterWallShort2,-0.0327,1.1805,-0.6267,358.0925,358.0602,357.6177,0.053,-0.0202,0.9982,1.0294,3.1314,0,0.0028,-0.0202,0.9999,1.0416,0.1596,0,Player2Face,-0.036,1.1966,0.8502,0.0062,0.7952,-0.2807,347.9109,223.9037,335.169,FingerCubeReady,TABLE_Folding,2438.796,0,0,Cube1,-0.4,0.89,0,1,2400.159,2390.97962955,0.0192731035717961,0.0927,108.6666,5.5982,24.2906,25.4866,1
joint,5045,1,Responder,4,3,5,Initiator,1,1,3,2,1,0,-0.0197,1.1957,0.8359,7.4336,182.9378,354.4027,-0.0202,1.1937,0.8208,7.4382,182.9919,354.5404,1,-0.0299,0.0035,-0.0251,0.3727,-0.0849,0.924,0.0329,0.0069,-0.0245,0.3103,-0.0646,0.9484,-0.0209,1.2019,0.8448,-0.3804,-0.2273,-0.8965,1,Cube1,-0.3754,0.99,0.0092,Cube1,8819982628,-0.4194,0.9708,-0.0406,297.2836,131.1932,336.9746,Cube1,PlasterWallShort2,-0.0334,1.1807,-0.6271,358.0514,357.9927,357.7061,0.0524,-0.0201,0.9982,1.0749,3.1076,0,0.0041,-0.0201,0.9999,1.0861,0.1678,0,Player2Face,-0.0377,1.198,0.8499,0.0062,0.7952,-0.2807,347.4718,223.9847,334.4423,FingerCubeReady,TABLE_Folding,2438.807,0,0,Cube1,-0.4,0.89,0,1,2400.171,2390.99152185,0.0192731035717961,0.0925,108.6886,5.591,24.2824,25.4641,1
joint,5045,1,Responder,4,3,5,Initiator,1,1,3,2,1,0,-0.0197,1.1958,0.836,7.4356,182.9244,354.4022,-0.0202,1.1937,0.8208,7.4354,182.9893,354.5129,1,-0.0299,0.0035,-0.0251,0.3729,-0.0849,0.924,0.0329,0.0069,-0.0246,0.3097,-0.0646,0.9486,-0.0209,1.2019,0.8448,-0.3801,-0.2274,-0.8966,1,Cube1,-0.375,0.99,0.0095,Cube1,8819990960,-0.4194,0.9707,-0.0405,297.3103,131.1675,336.9824,Cube1,PlasterWallShort2,-0.0341,1.1808,-0.6275,358.0176,357.9326,357.83,0.0506,-0.0204,0.9983,1.1078,3.0628,0,-0.0003,-0.0204,0.9999,1.1169,0.147,0,Player2Face,-0.0446,1.1989,0.8512,0.0061,0.7951,-0.2807,346.8959,224.1021,334.0021,FingerCubeReady,TABLE_Folding,2438.818,0,0,Cube1,-0.4,0.89,0,1,2400.182,2391.00249045,0.0192731035717961,0.0924,108.6434,5.588,24.2656,25.435,1
joint,5045,1,Responder,4,3,5,Initiator,1,1,3,2,1,0,-0.0196,1.1958,0.8361,7.4394,182.9366,354.4082,-0.0203,1.1937,0.8208,7.436,182.9876,354.4858,1,-0.0299,0.0035,-0.0251,0.373,-0.085,0.9239,0.0329,0.0069,-0.0246,0.3101,-0.0647,0.9485,-0.021,1.2019,0.8448,-0.3802,-0.2277,-0.8964,1,Cube1,-0.3748,0.99,0.0106,Cube1,8819999291,-0.4195,0.9707,-0.0404,297.3253,131.153,336.9874,Cube1,PlasterWallShort2,-0.0347,1.1809,-0.6279,357.9993,357.8797,357.9451,0.0505,-0.0202,0.9983,1.1295,3.0131,0,0.0064,-0.0202,0.9999,1.1363,0.1611,0,Player2Face,-0.0415,1.1996,0.8502,0.0061,0.7951,-0.2807,346.1438,224.3213,333.4772,FingerCubeReady,TABLE_Folding,2438.829,0,0,Cube1,-0.4,0.89,0,1,2400.193,2391.01311955,0.0192731035717961,0.0923,108.6337,5.5702,24.2722,25.4337,1
joint,5045,1,Responder,4,3,5,Initiator,1,1,3,2,1,0,-0.0196,1.1958,0.8361,7.4445,182.9464,354.4144,-0.0204,1.1937,0.8208,7.4493,182.9896,354.4345,1,-0.0299,0.0035,-0.0251,0.3727,-0.0858,0.924,0.0329,0.0069,-0.0246,0.3092,-0.0643,0.9488,-0.0211,1.2019,0.8448,-0.3795,-0.2284,-0.8965,1,Cube1,-0.3733,0.99,0.0128,Cube1,8820015954,-0.4196,0.9707,-0.0404,297.3414,131.1336,336.9961,Cube1,PlasterWallShort2,-0.0354,1.1811,-0.6283,358.0035,357.8389,358.0671,0.0494,-0.0205,0.9984,1.1456,2.9611,0,0.0075,-0.0205,0.9999,1.1503,0.2304,0,Player2Face,-0.0429,1.1993,0.8507,0.0061,0.7952,-0.2807,344.9343,224.4268,332.8105,FingerCubeReady,TABLE_Folding,2438.841,0,0,Cube1,-0.4,0.89,0,1,2400.205,2391.02543815,0.0192731035717961,0.0923,108.6281,5.5408,24.226,25.3998,1
joint,5045,1,Responder,4,3,5,Initiator,1,1,3,2,1,0,-0.0196,1.1958,0.8362,7.4602,182.9568,354.4245,-0.0205,1.1937,0.8208,7.4567,182.9975,354.4155,1,-0.0299,0.0036,-0.0251,0.3723,-0.0858,0.9241,0.0329,0.0069,-0.0246,0.3097,-0.065,0.9486,-0.0212,1.2019,0.8448,-0.3796,-0.229,-0.8964,1,Cube1,-0.3726,0.99,0.0151,Cube1,8820024286,-0.4196,0.9707,-0.0403,297.372,131.0868,337.0208,Cube1,PlasterWallShort2,-0.0368,1.1811,-0.6288,358.0594,357.8026,358.3116,0.0628,-0.0182,0.9976,1.1774,3.0913,0,0.0063,-0.0182,0.9999,1.1788,0.3192,0,Player2Face,-0.0357,1.2018,0.8486,0.006,0.7953,-0.2807,344.754,224.3186,332.8758,FingerCubeReady,TABLE_Folding,2438.863,0,0,Cube1,-0.4,0.89,0,1,2400.216,2391.03561245,0.0192731035717961,0.0923,108.5652,5.505,24.2237,25.3831,1
joint,5045,1,Responder,4,3,5,Initiator,1,1,3,2,1,0,-0.0196,1.1958,0.8362,7.4613,182.9833,354.4507,-0.0206,1.1937,0.8208,7.4603,183.0133,354.3904,1,-0.0299,0.0036,-0.0251,0.3712,-0.0855,0.9246,0.0329,0.0069,-0.0246,0.3091,-0.0653,0.9488,-0.0213,1.202,0.8448,-0.379,-0.2291,-0.8966,1,Cube1,-0.3719,0.99,0.0154,Cube1,8820040949,-0.4197,0.9707,-0.0402,297.3867,131.0574,337.037,Cube1,PlasterWallShort2,-0.0368,1.1811,-0.6288,358.0594,357.8026,358.3116,0.0628,-0.0182,0.9976,1.1774,3.0913,0,0.0063,-0.0182,0.9999,1.1788,0.3192,0,Player2Face,-0.0357,1.2018,0.8486,0.0052,0.7977,-0.2805,344.5981,223.6636,334.0745,FingerCubeReady,TABLE_Folding,2438.863,0,0,Cube1,-0.4,0.89,0,1,2400.228,2391.04861935,0.0192731035717961,0.0922,108.5349,5.504,24.1262,25.3563,1
joint,5045,1,Responder,4,3,5,Initiator,1,1,3,2,1,0,-0.0196,1.1958,0.8362,7.4617,183.0015,354.4576,-0.0206,1.1937,0.8208,7.461,183.0168,354.3858,1,-0.03,0.0035,-0.0248,0.3694,-0.0832,0.9255,0.0329,0.0069,-0.0246,0.3095,-0.0633,0.9488,-0.0213,1.2019,0.8447,-0.3786,-0.227,-0.8973,1,Cube1,-0.3747,0.99,0.007,Cube1,8820049280,-0.4197,0.9708,-0.04,297.4025,131.0228,337.0577,Cube1,PlasterWallShort2,-0.0374,1.1812,-0.6292,358.1011,357.7908,358.4315,0.0574,-0.0198,0.9979,1.1594,3.1984,0,0.0061,-0.0198,0.9999,1.1567,0.3366,0,Player2Face,-0.0407,1.1987,0.8507,0.0052,0.7977,-0.2805,344.5981,223.6636,334.0745,FingerCubeReady,TABLE_Folding,2438.875,0,0,Cube1,-0.4,0.89,0,1,2400.238,2391.05781575,0.0192731035717961,0.0923,108.4286,5.6357,24.1311,25.2451,1
joint,5045,1,Responder,4,3,5,Initiator,1,1,3,2,1,0,-0.0195,1.1958,0.8363,7.4601,183.0158,354.4808,-0.0206,1.1938,0.8207,7.4548,183.009,354.3775,1,-0.0301,0.0034,-0.0246,0.3508,-0.082,0.9329,0.0328,0.0069,-0.0246,0.2913,-0.0588,0.9548,-0.0212,1.2019,0.8446,-0.3608,-0.2232,-0.9055,1,Cube1,-0.3637,0.99,-0.0151,Cube1,8820057612,-0.4197,0.9709,-0.0399,297.4375,130.9342,337.1201,Cube1,PlasterWallShort2,-0.0381,1.1812,-0.6294,358.1466,357.7921,358.5397,0.0546,-0.0194,0.9981,1.1462,3.2253,0,0.0045,-0.0194,0.9999,1.1424,0.33,0,Player2Face,-0.0449,1.1985,0.8519,0.0044,0.8,-0.2805,344.6559,223.4696,334.6112,FingerCubeReady,TABLE_Folding,2438.885,0,0,Cube1,-0.4,0.89,0,1,2400.249,2391.06971105,0.0192731035717961,0.0923,108.3532,6.1843,23.0876,24.1246,1
joint,5045,1,Responder,4,3,5,Initiator,1,1,3,2,1,0,-0.0195,1.1958,0.8363,7.4572,183.0208,354.4993,-0.0207,1.1937,0.8207,7.4465,182.9998,354.3701,1,-0.0303,0.0034,-0.0243,0.3374,-0.0801,0.9379,0.0327,0.0069,-0.0244,0.2664,-0.0502,0.9625,-0.0211,1.2019,0.8443,-0.3426,-0.217,-0.9141,1,Cube1,-0.3555,0.99,-0.048,Cube1,8820074275,-0.4197,0.9709,-0.0398,297.4547,130.8881,337.1534,Cube1,PlasterWallShort2,-0.0387,1.1812,-0.6298,358.2006,357.7968,358.6261,0.0557,-0.0192,0.998,1.1321,3.2207,0,0.0025,-0.0192,0.9999,1.1281,0.2894,0,Player2Face,-0.0459,1.1977,0.8526,0.0033,0.8029,-0.2806,344.7736,223.307,335.1943,FingerCubeReady,TABLE_Folding,2438.897,0,0,Cube1,-0.4,0.89,0,1,2400.26,2391.08064715,0.0192731035717961,0.0923,108.287,7.0175,22.0528,22.921,1
joint,5045,1,Responder,4,3,5,Initiator,1,1,3,2,1,0,-0.0194,1.1958,0.8363,7.4519,183.038,354.5267,-0.0206,1.1937,0.8207,7.4445,182.9971,354.3665,1,-0.0303,0.0035,-0.0245,0.3232,-0.0658,0.944,0.0326,0.0069,-0.0242,0.2546,-0.0502,0.9657,-0.0211,1.2018,0.8443,-0.3306,-0.2092,-0.9203,1,Cube1,-0.3558,0.99,-0.0874,Cube1,8820082606,-0.4197,0.9709,-0.0397,297.4954,130.789,337.2318,Cube1,PlasterWallShort2,-0.0394,1.1812,-0.6303,358.244,357.8091,358.7024,0.0535,-0.0191,0.9982,1.1203,3.1964,0,0.0015,-0.0191,0.9999,1.1166,0.2343,0,Player2Face,-0.0471,1.1977,0.8529,0.0007,0.8104,-0.2805,345.0544,222.8719,336.3969,FingerCubeReady,TABLE_Folding,2438.908,0,0,Cube1,-0.4,0.89,0,1,2400.271,2391.09160715,0.0192731035717961,0.0922,108.244,7.8045,21.2927,22.0049,1
joint,5045,1,Responder,4,3,5,Initiator,1,1,3,2,1,0,-0.0193,1.1959,0.8364,7.4392,183.0316,354.5348,-0.0206,1.1937,0.8208,7.4424,182.9854,354.3694,1,-0.0303,0.0035,-0.0245,0.3307,-0.0719,0.941,0.0326,0.0069,-0.0241,0.2565,-0.0499,0.9652,-0.0211,1.2018,0.8443,-0.3347,-0.2123,-0.9181,1,Cube1,-0.355,0.99,-0.0716,Cube1,8820090938,-0.4197,0.971,-0.0395,297.515,130.7404,337.2697,Cube1,PlasterWallShort2,-0.0401,1.1813,-0.6307,358.2883,357.8087,358.7829,0.0546,-0.0186,0.9981,1.1071,3.1687,0,0.006,-0.0186,0.9999,1.1033,0.224,0,Player2Face,-0.0451,1.1966,0.8529,-0.0008,0.8146,-0.2806,345.1548,222.6579,336.9734,FingerCubeReady,TABLE_Folding,2438.919,0,0,Cube1,-0.4,0.89,0,1,2400.282,2391.10283705,0.0192731035717961,0.0923,108.1525,7.5101,21.3526,22.3044,1
joint,5045,1,Responder,4,3,5,Initiator,1,1,3,2,1,0,-0.0193,1.196,0.8365,7.4244,183.0142,354.5569,-0.0206,1.1938,0.8209,7.4418,182.9539,354.383,1,-0.0303,0.0034,-0.0244,0.3287,-0.0735,0.9416,0.0326,0.0069,-0.0241,0.2554,-0.0523,0.9654,-0.021,1.2019,0.8444,-0.3325,-0.2141,-0.9185,1,Cube1,-0.3502,0.99,-0.0647,Cube1,8820107601,-0.4197,0.9711,-0.0395,297.5335,130.6933,337.3065,Cube1,PlasterWallShort2,-0.0407,1.1814,-0.6311,358.315,357.8173,358.8312,0.0556,-0.018,0.9981,1.0887,3.1609,0,0.0044,-0.018,0.9999,1.0843,0.2384,0,Player2Face,-0.0458,1.197,0.8529,-0.0022,0.8189,-0.2808,345.2741,222.443,337.5764,FingerCubeReady,FingerCubeReady,2438.93,0,0,Cube1,-0.4,0.89,0,1,2400.294,2391.11405345,0.0192731035717961,0.0923,108.1064,7.4906,21.0772,22.2222,1
joint,5045,1,Responder,4,3,5,Initiator,1,1,3,2,1,0,-0.0192,1.196,0.8365,7.4104,183.0159,354.5472,-0.0205,1.1938,0.821,7.4403,182.9474,354.3885,1,-0.0303,0.0034,-0.0244,0.3301,-0.0732,0.9411,0.0326,0.0069,-0.0241,0.2561,-0.0522,0.9652,-0.021,1.2019,0.8444,-0.3334,-0.2139,-0.9182,1,Cube1,-0.3512,0.99,-0.065,Cube1,8820115933,-0.4197,0.9711,-0.0393,297.5711,130.6028,337.3791,Cube1,PlasterWallShort2,-0.0414,1.1814,-0.6315,358.3558,357.8191,358.8981,0.0553,-0.0163,0.9982,1.0569,3.1631,0,0.0058,-0.0163,1,1.0502,0.2584,0,Player2Face,-0.0458,1.1986,0.8524,-0.0056,0.8271,-0.2813,345.4749,221.9567,338.8593,,TABLE_Folding,2438.941,0,0,Cube1,-0.4,0.89,0,1,2400.305,2391.12517525,0.0192731035717961,0.0923,108.0214,7.4689,20.875,22.2426,1
joint,5045,1,Responder,4,3,5,Initiator,1,1,3,2,1,0,-0.0192,1.196,0.8365,7.3912,183.0007,354.539,-0.0205,1.1938,0.821,7.4369,182.9418,354.396,1,-0.0303,0.0034,-0.0244,0.3302,-0.073,0.9411,0.0326,0.0069,-0.0241,0.2566,-0.0523,0.9651,-0.0209,1.2019,0.8444,-0.3337,-0.2138,-0.9181,1,Cube1,-0.3517,0.99,-0.0656,Cube1,8820124264,-0.4197,0.9713,-0.0392,297.5916,130.5543,337.42,Cube1,PlasterWallShort2,-0.0421,1.1815,-0.6319,358.3856,357.8197,358.9334,0.0545,-0.0149,0.9982,1.0083,3.1596,0,0.005,-0.0149,1,0.9982,0.2753,0,Player2Face,-0.0474,1.2001,0.8524,-0.0073,0.8318,-0.2815,345.57,221.6875,339.5077,,TABLE_Folding,2438.952,0,0,Cube1,-0.4,0.89,0,1,2400.316,2391.13620435,0.0192731035717961,0.0923,107.9604,7.4687,20.7631,22.2284,1
joint,5045,1,Responder,4,3,5,Initiator,1,1,3,2,1,0,-0.0192,1.196,0.8365,7.3909,183.0009,354.55,-0.0204,1.1938,0.8211,7.4354,182.9253,354.4023,1,-0.0303,0.0034,-0.0243,0.3322,-0.0731,0.9404,0.0326,0.0069,-0.0241,0.2563,-0.0521,0.9652,-0.0209,1.2019,0.8445,-0.3343,-0.2137,-0.9179,1,Cube1,-0.3524,0.99,-0.0657,Cube1,8820140927,-0.4198,0.9714,-0.0392,297.6087,130.5069,337.4575,Cube1,PlasterWallShort2,-0.0428,1.1815,-0.6324,358.4258,357.8281,358.9532,0.0538,-0.0131,0.9983,0.9468,3.1453,0,0.005,-0.0131,1,0.933,0.2818,0,Player2Face,-0.0482,1.2019,0.8521,-0.0108,0.8413,-0.2808,345.7584,221.0044,340.862,,TABLE_Folding,2438.963,0,0,Cube1,-0.4,0.89,0,1,2400.327,2391.14771195,0.0192731035717961,0.0925,107.9182,7.4529,20.5355,22.2333,1
joint,5045,1,Responder,4,3,5,Initiator,1,1,3,2,1,0,-0.0192,1.196,0.8365,7.3923,183.0031,354.5622,-0.0204,1.1938,0.8212,7.4383,182.933,354.4065,1,-0.0303,0.0034,-0.0243,0.3317,-0.073,0.9406,0.0326,0.0069,-0.0241,0.2563,-0.0522,0.9652,-0.0208,1.2019,0.8446,-0.3342,-0.2137,-0.918,1,Cube1,-0.3522,0.99,-0.0657,Cube1,8820149259,-0.4198,0.9716,-0.039,297.6508,130.3983,337.5424,Cube1,PlasterWallShort2,-0.0436,1.1815,-0.6331,358.4636,357.824,358.9715,0.0529,-0.0125,0.9983,0.8748,3.1175,0,0.0045,-0.0125,1,0.8588,0.2794,0,Player2Face,-0.0503,1.202,0.8528,-0.0129,0.8461,-0.2814,345.8686,220.6682,341.5487,,TABLE_Folding,2438.975,0,0,Cube1,-0.4,0.89,0,1,2400.338,2391.15858955,0.0192731035717961,0.0925,107.7906,7.4562,20.3772,22.2005,1
joint,5045,1,Responder,4,3,5,Initiator,1,1,3,2,1,0,-0.0193,1.1959,0.8364,7.3924,183.0164,354.5634,-0.0204,1.1938,0.8212,7.4416,182.9408,354.4109,1,-0.0303,0.0034,-0.0243,0.332,-0.0731,0.9404,0.0326,0.0069,-0.0241,0.256,-0.0524,0.9652,-0.0208,1.2019,0.8446,-0.3343,-0.2139,-0.9179,1,Cube1,-0.352,0.99,-0.0648,Cube1,8820157590,-0.4197,0.9716,-0.039,297.6755,130.3397,337.5849,Cube1,PlasterWallShort2,-0.0444,1.1816,-0.6337,358.5032,357.8095,359.032,0.0543,-0.0122,0.9983,0.8194,3.1025,0,0.0057,-0.0122,1,0.8038,0.2842,0,Player2Face,-0.0492,1.2014,0.8528,-0.0149,0.8499,-0.2808,345.9702,220.1859,342.4627,,TABLE_Folding,2438.986,0,0,Cube1,-0.4,0.89,0,1,2400.349,2391.17005875,0.0192731035717961,0.0926,107.7624,7.4423,20.2489,22.1874,1
joint,5045,1,Responder,4,3,5,Initiator,1,1,3,2,1,0,-0.0193,1.1959,0.8365,7.397,183.0277,354.5569,-0.0204,1.1938,0.8213,7.4593,182.9563,354.4239,1,-0.0303,0.0034,-0.0243,0.3314,-0.0727,0.9407,0.0326,0.0069,-0.0241,0.2561,-0.052,0.9652,-0.0208,1.2019,0.8447,-0.3343,-0.2137,-0.9179,1,Cube1,-0.3523,0.99,-0.0653,Cube1,8820174253,-0.4197,0.9717,-0.0389,297.7031,130.2786,337.6282,Cube1,PlasterWallShort2,-0.0453,1.1817,-0.6342,358.535,357.7915,359.0453,0.0544,-0.0123,0.9983,0.7775,3.1018,0,0.007,-0.0123,1,0.7641,0.3088,0,Player2Face,-0.0491,1.2005,0.8531,-0.0195,0.8594,-0.281,346.3361,219.0856,344.4943,,TABLE_Folding,2438.997,0,0,Cube1,-0.4,0.89,0,1,2400.361,2391.18123165,0.0192731035717961,0.0926,107.7199,7.446,19.9519,22.1601,1
joint,5045,1,Responder,4,3,5,Initiator,1,1,3,2,1,0,-0.0195,1.1959,0.8366,7.39,183.0389,354.5351,-0.0203,1.1938,0.8213,7.4608,182.9726,354.4401,1,-0.0303,0.0034,-0.0243,0.3316,-0.0729,0.9406,0.0326,0.0069,-0.0241,0.2561,-0.0519,0.9652,-0.0208,1.2019,0.8447,-0.3347,-0.2138,-0.9178,1,Cube1,-0.3526,0.99,-0.0652,Cube1,8820182585,-0.4197,0.9718,-0.0389,297.7725,130.1522,337.7193,Cube1,PlasterWallShort2,-0.0461,1.1817,-0.6348,358.5789,357.7738,359.0728,0.0541,-0.0114,0.9984,0.7422,3.1031,0,0.0093,-0.0114,0.9999,0.7308,0.3601,0,Player2Face,-0.049,1.2008,0.853,-0.0218,0.8655,-0.2816,346.6455,218.5962,345.4765,,TABLE_Folding,2439.008,0,0,Cube1,-0.4,0.89,0,1,2400.372,2391.19262095,0.0192731035717961,0.0927,107.7048,7.4345,19.8068,22.1502,1
joint,5045,1,Responder,4,3,5,Initiator,1,1,3,2,1,0,-0.0195,1.1958,0.8365,7.3841,183.0719,354.5269,-0.0203,1.1938,0.8213,7.4614,182.9894,354.453,1,-0.0303,0.0034,-0.0243,0.3311,-0.073,0.9408,0.0326,0.0069,-0.0241,0.2564,-0.052,0.9652,-0.0208,1.2019,0.8447,-0.3349,-0.2137,-0.9177,1,Cube1,-0.3528,0.99,-0.0652,Cube1,8820190916,-0.4197,0.9718,-0.0388,297.8146,130.0878,337.7645,Cube1,PlasterWallShort2,-0.0469,1.1816,-0.6353,358.605,357.7579,359.1043,0.0542,-0.0113,0.9984,0.7111,3.1043,0,0.0095,-0.0113,0.9999,0.7015,0.4207,0,Player2Face,-0.0497,1.2003,0.8535,-0.024,0.8711,-0.2811,346.9968,218.0548,346.4862,,Cube1,2439.019,0,0,Cube1,-0.4,0.89,0,1,2400.384,2391.20409215,0.0192731035717961,0.0927,107.6408,7.4301,19.671,22.1313,1
joint,5045,1,Responder,4,3,5,Initiator,1,1,3,2,1,0,-0.0196,1.1958,0.8365,7.3907,183.0841,354.5242,-0.0203,1.1939,0.8214,7.4602,183.0142,354.4782,1,-0.0303,0.0034,-0.0244,0.3298,-0.0725,0.9412,0.0326,0.0068,-0.024,0.2569,-0.0523,0.965,-0.0207,1.202,0.8448,-0.335,-0.2135,-0.9177,1,Cube1,-0.3533,0.99,-0.0663,Cube1,8820207579,-0.4197,0.9718,-0.0387,297.9198,129.9731,337.847,Cube1,PlasterWallShort2,-0.0478,1.1817,-0.6358,358.6467,357.7294,359.1263,0.0544,-0.0111,0.9984,0.686,3.1075,0,0.0102,-0.0111,0.9999,0.6782,0.4751,0,Player2Face,-0.0503,1.1996,0.8539,-0.0267,0.8759,-0.2816,347.4279,217.5444,347.7093,,Cube1,2439.031,0,0,Cube1,-0.4,0.89,0,1,2400.395,2391.21520325,0.0192731035717961,0.0926,107.6045,7.4401,19.5082,22.0981,1
joint,5045,1,Responder,4,3,5,Initiator,1,1,3,2,1,0,-0.0195,1.1958,0.8364,7.3993,183.1115,354.508,-0.0203,1.1939,0.8214,7.4583,183.019,354.4926,1,-0.0303,0.0034,-0.0244,0.3291,-0.0724,0.9415,0.0326,0.0068,-0.024,0.2577,-0.0515,0.9648,-0.0207,1.202,0.8448,-0.3351,-0.2129,-0.9178,1,Cube1,-0.3543,0.99,-0.0688,Cube1,8820215911,-0.4197,0.9717,-0.0387,297.9912,129.9214,337.8893,Cube1,PlasterWallShort2,-0.0487,1.1817,-0.6365,358.6548,357.7066,359.1603,0.0564,-0.0129,0.9983,0.6825,3.1286,0,0.0113,-0.0129,0.9999,0.6786,0.5279,0,Player2Face,-0.0495,1.1968,0.8547,-0.0314,0.8885,-0.281,348.6945,216.4183,350.9031,,Cube1,2439.042,0,0,Cube1,-0.4,0.89,0,1,2400.406,2391.22626275,0.0192731035717961,0.0925,107.6017,7.4653,19.2129,22.0571,1
joint,5045,1,Responder,4,3,5,Initiator,1,1,3,2,1,0,-0.0196,1.1958,0.8364,7.4205,183.1293,354.4724,-0.0202,1.1939,0.8214,7.4551,183.0277,354.5103,1,-0.0303,0.0034,-0.0244,0.3289,-0.0724,0.9416,0.0326,0.0068,-0.024,0.2581,-0.0515,0.9647,-0.0207,1.202,0.8448,-0.3354,-0.2128,-0.9177,1,Cube1,-0.3547,0.99,-0.0692,Cube1,8820224242,-0.4198,0.9717,-0.0387,298.0693,129.8765,337.9297,Cube1,PlasterWallShort2,-0.0496,1.1817,-0.637,358.6645,357.6812,359.1862,0.0576,-0.0136,0.9982,0.6986,3.1655,0,0.0118,-0.0136,0.9999,0.6991,0.5729,0,Player2Face,-0.0495,1.1956,0.855,-0.034,0.8943,-0.2808,349.3314,215.8268,352.9272,,Cube1,2439.053,0,0,Cube1,-0.4,0.89,0,1,2400.418,2391.23659545,0.0197969211198223,0.0925,107.6127,7.4632,19.0669,22.0385,1
joint,5045,1,Responder,4,3,5,Initiator,1,1,3,2,1,0,-0.0196,1.1958,0.8363,7.4478,183.1457,354.4566,-0.0201,1.194,0.8215,7.4405,183.0322,354.534,1,-0.0303,0.0034,-0.0244,0.3284,-0.0722,0.9418,0.0326,0.0068,-0.024,0.258,-0.0521,0.9647,-0.0205,1.2021,0.8449,-0.3352,-0.2126,-0.9178,1,Cube1,-0.3549,0.99,-0.0705,Cube1,8820240905,-0.4198,0.9718,-0.0386,298.1561,129.8319,337.9727,Cube1,PlasterWallShort2,-0.0505,1.1817,-0.6376,358.6693,357.6411,359.1978,0.0606,-0.0127,0.998,0.7146,3.2302,0,0.0124,-0.0127,0.9999,0.7168,0.6167,0,Player2Face,-0.0483,1.1967,0.8542,-0.0395,0.9078,-0.2808,350.5218,214.6007,356.8808,,Cube1,2439.064,0,0,Cube1,-0.4,0.89,0,1,2400.428,2391.24748035,0.0197969211198223,0.0926,107.5365,7.4849,18.7185,21.987,1
joint,5045,1,Responder,4,3,5,Initiator,1,1,3,2,1,0,-0.0196,1.1958,0.8362,7.4541,183.1656,354.4634,-0.0201,1.194,0.8216,7.4297,183.0204,354.549,1,-0.0303,0.0034,-0.0244,0.3282,-0.072,0.9419,0.0326,0.0068,-0.024,0.2581,-0.0518,0.9647,-0.0205,1.2021,0.845,-0.335,-0.2122,-0.918,1,Cube1,-0.3554,0.99,-0.0728,Cube1,8820249237,-0.4199,0.9718,-0.0385,298.3566,129.7322,338.0874,Cube1,PlasterWallShort2,-0.0528,1.1819,-0.6389,358.6704,357.5926,359.2351,0.0607,-0.0148,0.9979,0.7615,3.3703,0,0.0164,-0.0148,0.9998,0.7672,0.7498,0,Player2Face,-0.0481,1.1937,0.8553,-0.0427,0.914,-0.2822,350.9544,214.0056,358.4246,,Cube1,2439.086,0,0,Cube1,-0.4,0.89,0,1,2400.439,2391.25817575,0.0197969211198223,0.0926,107.4587,7.5175,18.5202,21.8887,1
joint,5045,1,Responder,4,3,5,Initiator,1,1,3,2,1,0,-0.0195,1.1958,0.8362,7.4707,183.1888,354.483,-0.02,1.194,0.8216,7.419,183.0149,354.5532,1,-0.0303,0.0034,-0.0244,0.3279,-0.0717,0.942,0.0326,0.0068,-0.024,0.258,-0.0515,0.9648,-0.0204,1.2021,0.845,-0.3347,-0.2116,-0.9182,1,Cube1,-0.3559,0.99,-0.0752,Cube1,8820257568,-0.4199,0.972,-0.0384,298.4578,129.6784,338.1529,Cube1,PlasterWallShort2,-0.0528,1.1819,-0.6389,358.6704,357.5926,359.2351,0.0607,-0.0148,0.9979,0.7615,3.3703,0,0.0164,-0.0148,0.9998,0.7672,0.7498,0,Player2Face,-0.0481,1.1937,0.8553,-0.0492,0.9232,-0.2815,351.6796,212.5024,0.6862,,Cube1,2439.086,0,0,Cube1,-0.4,0.89,0,1,2400.451,2391.26978805,0.0197969211198223,0.0927,107.4139,7.5525,18.1593,21.8569,1
joint,5045,1,Responder,4,3,5,Initiator,1,1,3,2,1,0,-0.0195,1.1958,0.8362,7.4575,183.1976,354.5048,-0.02,1.194,0.8216,7.3932,183.0023,354.5399,1,-0.0303,0.0034,-0.0244,0.3267,-0.0704,0.9425,0.0326,0.0068,-0.024,0.2577,-0.0506,0.9649,-0.0204,1.2021,0.845,-0.3339,-0.2102,-0.9189,1,Cube1,-0.3573,0.99,-0.0823,Cube1,8820274232,-0.4199,0.972,-0.0384,298.5544,129.6167,338.2254,Cube1,PlasterWallShort2,-0.0538,1.182,-0.6395,358.6775,357.5549,359.2325,0.0735,-0.0131,0.9972,0.7759,3.5137,0,0.0318,-0.0131,0.9995,0.7803,0.955,0,Player2Face,-0.0284,1.1959,0.8503,-0.0492,0.9232,-0.2815,351.6796,212.5024,0.6862,,Cube1,2439.098,0,0,Cube1,-0.4,0.89,0,1,2400.462,2391.28081545,0.0197969211198223,0.0927,107.3902,7.6572,18.1116,21.732,1
joint,5045,1,Responder,4,3,5,Initiator,1,1,3,2,1,0,-0.0195,1.1958,0.8362,7.4657,183.1939,354.5209,-0.02,1.1941,0.8216,7.391,183.0008,354.5458,1,-0.0303,0.0034,-0.0244,0.3272,-0.0704,0.9423,0.0326,0.0068,-0.024,0.2577,-0.0504,0.9649,-0.0204,1.2021,0.845,-0.3342,-0.21,-0.9188,1,Cube1,-0.3579,0.99,-0.0829,Cube1,8820282563,-0.4199,0.9722,-0.0384,298.719,129.4904,338.3707,Cube1,PlasterWallShort2,-0.0549,1.182,-0.6401,358.6725,357.5168,359.235,0.0962,-0.0156,0.9952,0.7923,3.8651,0,0.0554,-0.0156,0.9984,0.7968,1.4056,0,Player2Face,0.0044,1.1917,0.8528,-0.056,0.9305,-0.2807,352.2534,211.0434,2.3237,,Cube1,2439.109,0,0,Cube1,-0.4,0.89,0,1,2400.473,2391.29172345,0.0197969211198223,0.0929,107.3355,7.656,17.774,21.7052,1
joint,5045,1,Responder,4,3,5,Initiator,1,1,3,2,1,0,-0.0194,1.1958,0.8362,7.4742,183.1924,354.5299,-0.02,1.1941,0.8217,7.3914,183.0017,354.5545,1,-0.0303,0.0034,-0.0243,0.327,-0.0705,0.9424,0.0326,0.0068,-0.024,0.2575,-0.0504,0.9649,-0.0204,1.2021,0.8451,-0.334,-0.21,-0.9189,1,Cube1,-0.3577,0.99,-0.083,Cube1,8820290895,-0.4199,0.9723,-0.0384,298.7851,129.4317,338.4352,Cube1,PlasterWallShort2,-0.0559,1.1819,-0.6406,358.663,357.4959,359.2299,0.0955,-0.0129,0.9953,0.7994,4.3072,0,0.061,-0.0129,0.9981,0.8025,1.9798,0,Player2Face,0.007,1.196,0.8515,-0.0594,0.935,-0.2803,352.6351,210.4582,3.0598,,Cube1,2439.12,0,0,Cube1,-0.4,0.89,0,1,2400.484,2391.30314285,0.0197969211198223,0.093,107.3279,7.6621,17.5835,21.6609,1
joint,5045,1,Responder,4,3,5,Initiator,1,1,3,2,1,0,-0.0194,1.1958,0.8362,7.4804,183.1753,354.5346,-0.0201,1.194,0.8216,7.3924,183.0145,354.5633,1,-0.0303,0.0034,-0.0243,0.3258,-0.07,0.9428,0.0326,0.0068,-0.024,0.257,-0.0498,0.9651,-0.0205,1.202,0.845,-0.3334,-0.2094,-0.9192,1,Cube1,-0.3582,0.99,-0.0859,Cube1,8820307558,-0.4199,0.9724,-0.0384,298.8356,129.3738,338.4926,Cube1,PlasterWallShort2,-0.057,1.1819,-0.6412,358.6624,357.472,359.2177,0.1093,-0.0065,0.9939,0.7446,4.78,0,0.06,-0.0065,0.9982,0.7372,2.4808,0,Player2Face,0.0154,1.2056,0.8503,-0.0629,0.9397,-0.2798,352.9644,209.9411,3.7766,,Cube1,2439.131,0,0,Cube1,-0.4,0.89,0,1,2400.495,2391.31397565,0.0197969211198223,0.0931,107.3015,7.709,17.3782,21.5814,1
joint,5045,1,Responder,4,3,5,Initiator,1,1,3,2,1,0,-0.0193,1.1958,0.8362,7.4751,183.1654,354.5493,-0.0201,1.194,0.8216,7.3951,183.0231,354.5595,1,-0.0303,0.0034,-0.0243,0.3256,-0.0701,0.9429,0.0326,0.0068,-0.024,0.257,-0.0499,0.9651,-0.0205,1.202,0.845,-0.3335,-0.2096,-0.9192,1,Cube1,-0.3579,0.99,-0.0849,Cube1,8820315889,-0.4198,0.9727,-0.0384,298.9242,129.2176,338.6377,Cube1,PlasterWallShort2,-0.0582,1.182,-0.6417,358.6496,357.4492,359.2028,0.1085,-0.0144,0.994,0.7074,5.2154,0,0.0594,-0.0144,0.9981,0.6986,2.8299,0,Player2Face,0.0125,1.1942,0.8533,-0.0701,0.9472,-0.2791,353.65,209.0271,5.1917,,Cube1,2439.142,0,0,Cube1,-0.4,0.89,0,1,2400.507,2391.32617475,0.0197969211198223,0.0933,107.2442,7.6966,17.0139,21.5564,1
joint,5045,1,Responder,4,3,5,Initiator,1,1,3,2,1,0,-0.0193,1.1958,0.8362,7.4671,183.145,354.5575,-0.0201,1.194,0.8216,7.3947,183.0314,354.5496,1,-0.0303,0.0034,-0.0243,0.3253,-0.0699,0.943,0.0326,0.0068,-0.024,0.2567,-0.0498,0.9652,-0.0205,1.202,0.845,-0.3333,-0.2094,-0.9193,1,Cube1,-0.358,0.99,-0.0857,Cube1,8820324221,-0.4198,0.9728,-0.0384,298.9622,129.131,338.7128,Cube1,PlasterWallShort2,-0.0606,1.1822,-0.643,358.6331,357.3821,359.2452,0.1073,-0.0145,0.9941,0.7427,5.7744,0,0.058,-0.0145,0.9982,0.7452,3.1855,0,Player2Face,0.0075,1.1944,0.852,-0.0738,0.9513,-0.2786,353.9507,208.6194,5.6896,,PlasterWallLong2,2439.165,0,0,Cube1,-0.4,0.89,0,1,2400.518,2391.33657165,0.0197969211198223,0.0934,107.2121,7.7086,16.8191,21.4704,1
joint,5045,1,Responder,4,3,5,Initiator,1,1,3,2,1,0,-0.0192,1.1958,0.8363,7.456,183.1287,354.576,-0.0203,1.1939,0.8216,7.3854,183.0649,354.5287,1,-0.0304,0.0034,-0.0243,0.3231,-0.0713,0.9436,0.0326,0.0069,-0.0242,0.2531,-0.055,0.9659,-0.0207,1.202,0.8451,-0.3306,-0.2125,-0.9195,1,Cube1,-0.3505,0.99,-0.0723,Cube1,8820340884,-0.4197,0.9729,-0.0384,298.9969,129.0499,338.782,Cube1,PlasterWallShort2,-0.0606,1.1822,-0.643,358.6331,357.3821,359.2452,0.1073,-0.0145,0.9941,0.7427,5.7744,0,0.058,-0.0145,0.9982,0.7452,3.1855,0,Player2Face,0.0075,1.1944,0.852,-0.0846,0.9593,-0.2751,354.6301,207.3845,6.6974,,PlasterWallLong2,2439.165,0,0,Cube1,-0.4,0.89,0,1,2400.529,2391.34771225,0.0197969211198223,0.0935,107.1984,7.6302,16.1299,21.4403,1
joint,5045,1,Responder,4,3,5,Initiator,1,1,3,2,1,0,-0.0192,1.1958,0.8363,7.4474,183.1054,354.5725,-0.0204,1.1939,0.8216,7.3876,183.0784,354.5255,1,-0.0305,0.0034,-0.0245,0.2946,-0.0804,0.9522,0.0325,0.0069,-0.0244,0.2381,-0.0542,0.9697,-0.0206,1.2021,0.8453,-0.309,-0.2153,-0.9264,1,Cube1,-0.325,0.99,-0.0673,Cube1,8820349215,-0.4196,0.9731,-0.0385,299.0558,128.9143,338.89,Cube1,PlasterWallShort2,-0.0617,1.1823,-0.6435,358.6344,357.3326,359.2681,0.1064,-0.0151,0.9942,0.7731,5.919,0,0.0582,-0.0151,0.9982,0.779,3.2558,0,Player2Face,0.0044,1.1937,0.8517,-0.0846,0.9593,-0.2751,354.6301,207.3845,6.6974,,PlasterWallLong2,2439.176,0,0,Cube1,-0.4,0.89,0,1,2400.54,2391.35944625,0.0197969211198223,0.0937,107.1828,8.2836,14.8269,20.3938,1
joint,5045,1,Responder,4,3,5,Initiator,1,1,3,2,1,0,-0.0192,1.1958,0.8362,7.4477,183.0892,354.5807,-0.0204,1.1939,0.8216,7.3931,183.0918,354.5196,1,-0.0305,0.0035,-0.0245,0.2727,-0.0794,0.9588,0.0324,0.007,-0.0245,0.2193,-0.0555,0.9741,-0.0205,1.2021,0.8453,-0.2893,-0.2143,-0.9329,1,Cube1,-0.3067,0.99,-0.0779,Cube1,8820357547,-0.4195,0.9732,-0.0384,299.0824,128.8585,338.9307,Cube1,PlasterWallShort2,-0.0629,1.1822,-0.644,358.6122,357.2759,359.2977,0.1066,-0.0159,0.9942,0.8046,5.9986,0,0.0587,-0.0159,0.9981,0.8125,3.2955,0,Player2Face,0.0028,1.1931,0.8516,-0.0885,0.9624,-0.2751,354.8664,207.1526,6.8104,,PlasterWallLong2,2439.187,0,0,Cube1,-0.4,0.89,0,1,2400.551,2391.36976545,0.0197969211198223,0.0937,107.1485,9.1513,13.4457,19.3392,1
joint,5045,1,Responder,4,3,5,Initiator,1,1,3,2,1,0,-0.0192,1.1958,0.8363,7.4405,183.0866,354.5801,-0.0203,1.1939,0.8215,7.4152,183.1249,354.4814,1,-0.0306,0.0035,-0.0245,0.2716,-0.0752,0.9595,0.0324,0.0069,-0.0244,0.21,-0.0531,0.9763,-0.0204,1.2021,0.8452,-0.285,-0.2113,-0.9349,1,Cube1,-0.3065,0.99,-0.0932,Cube1,8820374210,-0.4194,0.9733,-0.0384,299.0991,128.8028,338.9687,Cube1,PlasterWallShort2,-0.0642,1.1823,-0.6445,358.6035,357.2149,359.3196,0.1067,-0.0161,0.9942,0.8375,6.0498,0,0.0592,-0.0161,0.9981,0.8464,3.3276,0,Player2Face,0.001,1.1931,0.8514,-0.0922,0.9653,-0.2733,355.0619,206.8183,6.8137,,PlasterWallLong2,2439.198,0,0,Cube1,-0.4,0.89,0,1,2400.562,2391.38140185,0.0197969211198223,0.0937,107.1172,9.4699,12.9951,18.9811,1
joint,5045,1,Responder,4,3,5,Initiator,1,1,3,2,1,0,-0.0193,1.1958,0.8363,7.4434,183.0855,354.5691,-0.0204,1.1939,0.8215,7.4341,183.1375,354.4646,1,-0.0306,0.0035,-0.0245,0.2721,-0.0756,0.9593,0.0324,0.0069,-0.0244,0.2088,-0.0542,0.9765,-0.0205,1.2021,0.8451,-0.2848,-0.2124,-0.9348,1,Cube1,-0.3049,0.99,-0.0883,Cube1,8820382541,-0.4193,0.9734,-0.0384,299.1414,128.6997,339.0443,Cube1,PlasterWallShort2,-0.0656,1.1822,-0.6451,358.5851,357.1593,359.3511,0.1074,-0.0167,0.9941,0.8675,6.0842,0,0.0596,-0.0167,0.9981,0.8766,3.3542,0,Player2Face,-0.0013,1.1928,0.8512,-0.0995,0.9689,-0.2692,355.4334,206.1259,6.8389,,PlasterWallLong2,2439.209,0,0,Cube1,-0.4,0.89,0,1,2400.573,2391.39224495,0.0197969211198223,0.0939,107.054,9.4346,12.6134,18.9665,1
joint,5045,1,Responder,4,3,5,Initiator,1,1,3,2,1,0,-0.0193,1.1958,0.8363,7.4485,183.0719,354.5468,-0.0204,1.1939,0.8214,7.4495,183.151,354.4584,1,-0.0306,0.0035,-0.0245,0.272,-0.0753,0.9593,0.0324,0.0069,-0.0244,0.2086,-0.0534,0.9765,-0.0205,1.2021,0.8451,-0.2849,-0.2121,-0.9348,1,Cube1,-0.3054,0.99,-0.0895,Cube1,8820390873,-0.4192,0.9735,-0.0384,299.1681,128.6486,339.0876,Cube1,PlasterWallShort2,-0.0669,1.1822,-0.6456,358.5458,357.099,359.352,0.1056,-0.0156,0.9943,0.8871,6.0987,0,0.0618,-0.0156,0.9979,0.8945,3.3943,0,Player2Face,-0.0034,1.1956,0.8499,-0.1033,0.9717,-0.2688,355.5884,205.9586,6.6777,,PlasterWallLong2,2439.22,0,0,Cube1,-0.4,0.89,0,1,2400.585,2391.40403425,0.0197969211198223,0.0939,107.0432,9.4402,12.4377,18.9239,1
joint,5045,1,Responder,4,3,5,Initiator,1,1,3,2,1,0,-0.0194,1.1958,0.8363,7.4298,183.0776,354.5341,-0.0204,1.1939,0.8213,7.4667,183.1832,354.4783,1,-0.0306,0.0035,-0.0245,0.2718,-0.0758,0.9594,0.0324,0.0069,-0.0244,0.2103,-0.0537,0.9762,-0.0204,1.2021,0.845,-0.2862,-0.2128,-0.9343,1,Cube1,-0.3057,0.99,-0.0861,Cube1,8820407536,-0.4191,0.9736,-0.0384,299.2057,128.5842,339.1535,Cube1,PlasterWallShort2,-0.0683,1.1821,-0.646,358.5013,357.0251,359.3844,0.1038,-0.0149,0.9945,0.8892,6.0825,0,0.0641,-0.0149,0.9978,0.8933,3.4576,0,Player2Face,-0.0057,1.198,0.8489,-0.1074,0.9742,-0.2682,355.7556,205.84,6.4808,,PlasterWallLong2,2439.232,0,0,Cube1,-0.4,0.89,0,1,2400.596,2391.41480645,0.0197969211198223,0.094,107.0122,9.3622,12.3154,18.9657,1
joint,5045,1,Responder,4,3,5,Initiator,1,1,3,2,1,0,-0.0194,1.1958,0.8363,7.4171,183.0844,354.5326,-0.0204,1.1938,0.8213,7.4641,183.1932,354.4939,1,-0.0306,0.0035,-0.0245,0.2725,-0.0756,0.9592,0.0324,0.0069,-0.0244,0.2103,-0.054,0.9761,-0.0204,1.2021,0.845,-0.2867,-0.2127,-0.9341,1,Cube1,-0.3062,0.99,-0.0861,Cube1,8820415867,-0.419,0.9738,-0.0384,299.2994,128.4386,339.2961,Cube1,PlasterWallShort2,-0.0697,1.1821,-0.6466,358.4805,356.9591,359.3834,0.1054,-0.0154,0.9944,0.886,6.0635,0,0.064,-0.0154,0.9978,0.8879,3.5225,0,Player2Face,-0.0079,1.1978,0.8488,-0.1146,0.9771,-0.2632,356.0354,205.3852,6.1168,,PlasterWallLong2,2439.243,0,0,Cube1,-0.4,0.89,0,1,2400.607,2391.42601895,0.0197969211198223,0.0941,106.972,9.3413,11.9752,18.9474,1
joint,5045,1,Responder,4,3,5,Initiator,1,1,3,2,1,0,-0.0195,1.1958,0.8364,7.4206,183.0802,354.518,-0.0203,1.1938,0.8213,7.4597,183.1967,354.509,1,-0.0306,0.0035,-0.0245,0.2724,-0.0757,0.9592,0.0324,0.0069,-0.0244,0.2106,-0.0542,0.9761,-0.0204,1.202,0.845,-0.2869,-0.2128,-0.934,1,Cube1,-0.3063,0.99,-0.0858,Cube1,8820424199,-0.4189,0.974,-0.0384,299.3597,128.3501,339.3829,Cube1,PlasterWallShort2,-0.071,1.182,-0.6469,358.4499,356.9027,359.4146,0.109,-0.016,0.994,0.8882,6.0795,0,0.0641,-0.016,0.9978,0.8897,3.574,0,Player2Face,-0.0072,1.1976,0.8489,-0.1182,0.9784,-0.2614,356.1357,205.2912,5.8952,,PlasterWallLong2,2439.254,0,0,Cube1,-0.4,0.89,0,1,2400.618,2391.43719345,0.0197969211198223,0.0943,106.9311,9.3326,11.8014,18.9148,1
joint,5045,1,Responder,4,3,5,Initiator,1,1,3,2,1,0,-0.0195,1.1958,0.8364,7.4268,183.0837,354.5275,-0.0203,1.1938,0.8213,7.4721,183.1928,354.5277,1,-0.0306,0.0035,-0.0245,0.2732,-0.0757,0.959,0.0324,0.0069,-0.0244,0.2104,-0.0546,0.9761,-0.0203,1.2021,0.845,-0.2871,-0.2131,-0.9339,1,Cube1,-0.306,0.99,-0.0842,Cube1,8820440862,-0.4189,0.9741,-0.0384,299.43,128.2557,339.4796,Cube1,PlasterWallShort2,-0.0724,1.1819,-0.6474,358.4237,356.821,359.4602,0.1122,-0.0153,0.9936,0.8896,6.1436,0,0.0651,-0.0153,0.9977,0.8906,3.6206,0,Player2Face,-0.007,1.1995,0.8483,-0.1216,0.9789,-0.2588,356.1819,205.1586,5.7056,,PlasterWallLong2,2439.265,0,0,Cube1,-0.4,0.89,0,1,2400.63,2391.44909535,0.0197969211198223,0.0943,106.9118,9.31,11.6322,18.8962,1
joint,5045,1,Responder,4,3,5,Initiator,1,1,3,2,1,0,-0.0195,1.1958,0.8364,7.4407,183.0786,354.4908,-0.0202,1.1938,0.8213,7.4774,183.1837,354.5323,1,-0.0306,0.0035,-0.0245,0.2733,-0.0756,0.9589,0.0324,0.0069,-0.0244,0.21,-0.0547,0.9762,-0.0203,1.2021,0.845,-0.2868,-0.2132,-0.934,1,Cube1,-0.3056,0.99,-0.0842,Cube1,8820449194,-0.4187,0.9743,-0.0384,299.5607,128.0815,339.6408,Cube1,PlasterWallShort2,-0.0738,1.1819,-0.6477,358.4207,356.7465,359.5121,0.1139,-0.016,0.9934,0.8922,6.235,0,0.0759,-0.016,0.997,0.893,3.7426,0,Player2Face,-0.0011,1.1986,0.8492,-0.1288,0.9809,-0.2544,356.2785,205.0966,5.1733,,PlasterWallLong2,2439.277,0,0,Cube1,-0.4,0.89,0,1,2400.641,2391.46028065,0.0197969211198223,0.0945,106.8512,9.3228,11.2362,18.8385,1
joint,5045,1,Responder,4,3,5,Initiator,1,1,3,2,1,0,-0.0195,1.1958,0.8364,7.4397,183.0833,354.4841,-0.0202,1.1939,0.8213,7.4791,183.1728,354.5382,1,-0.0306,0.0035,-0.0245,0.2732,-0.0755,0.959,0.0324,0.0069,-0.0244,0.2099,-0.0551,0.9762,-0.0203,1.2021,0.845,-0.2865,-0.2133,-0.934,1,Cube1,-0.3051,0.99,-0.0835,Cube1,8820457525,-0.4186,0.9744,-0.0384,299.6213,128.0045,339.7144,Cube1,PlasterWallShort2,-0.0766,1.1818,-0.6486,358.3984,356.5824,359.6816,0.1201,-0.0177,0.9926,0.9253,6.4647,0,0.0779,-0.0177,0.9968,0.929,4.0833,0,Player2Face,-0.0017,1.1972,0.8496,-0.1322,0.9812,-0.2516,356.2379,205.0944,4.9097,,PlasterWallLong2,2439.299,0,0,Cube1,-0.4,0.89,0,1,2400.652,2391.47079315,0.0197969211198223,0.0946,106.8346,9.3311,11.0289,18.7441,1
joint,5045,1,Responder,4,3,5,Initiator,1,1,3,2,1,0,-0.0195,1.1958,0.8364,7.4291,183.0808,354.4548,-0.0201,1.1939,0.8214,7.4694,183.1508,354.5552,1,-0.0306,0.0035,-0.0245,0.2729,-0.0757,0.959,0.0324,0.0069,-0.0244,0.2099,-0.0547,0.9762,-0.0202,1.2021,0.845,-0.286,-0.213,-0.9342,1,Cube1,-0.305,0.99,-0.0854,Cube1,8820474188,-0.4185,0.9744,-0.0384,299.6657,127.9382,339.7643,Cube1,PlasterWallShort2,-0.0766,1.1818,-0.6486,358.3984,356.5824,359.6816,0.1201,-0.0177,0.9926,0.9253,6.4647,0,0.0779,-0.0177,0.9968,0.929,4.0833,0,Player2Face,-0.0017,1.1972,0.8496,-0.142,0.9842,-0.2437,356.1711,205.173,4.0053,,PlasterWallLong2,2439.299,0,0,Cube1,-0.4,0.89,0,1,2400.663,2391.48195545,0.0197969211198223,0.0946,106.8096,9.3694,10.4669,18.7056,1
joint,5045,1,Responder,4,3,5,Initiator,1,1,3,2,1,0,-0.0195,1.1958,0.8364,7.4224,183.078,354.4547,-0.0201,1.1939,0.8214,7.4617,183.1371,354.5665,1,-0.0306,0.0035,-0.0245,0.2729,-0.0756,0.9591,0.0324,0.0069,-0.0244,0.2095,-0.0545,0.9763,-0.0201,1.2021,0.845,-0.2857,-0.2127,-0.9344,1,Cube1,-0.305,0.99,-0.0869,Cube1,8820482520,-0.4184,0.9744,-0.0384,299.7388,127.8592,339.8132,Cube1,PlasterWallShort2,-0.078,1.1817,-0.6492,358.3896,356.4883,359.7743,0.1223,-0.0179,0.9923,0.9503,6.5993,0,0.0866,-0.0179,0.9961,0.9553,4.2741,0,Player2Face,0.0033,1.1974,0.8503,-0.142,0.9842,-0.2437,356.1711,205.173,4.0053,,PlasterWallLong2,2439.31,0,0,Cube1,-0.4,0.89,0,1,2400.674,2391.49279005,0.0197969211198223,0.0946,106.7841,9.3999,10.4402,18.6312,1
joint,5045,1,Responder,4,3,5,Initiator,1,1,3,2,1,0,-0.0195,1.1958,0.8363,7.4168,183.0819,354.4688,-0.02,1.1939,0.8214,7.4541,183.1235,354.5752,1,-0.0306,0.0035,-0.0245,0.2728,-0.0757,0.9591,0.0324,0.0069,-0.0244,0.2101,-0.0549,0.9761,-0.0201,1.2021,0.845,-0.2857,-0.2127,-0.9344,1,Cube1,-0.305,0.99,-0.0866,Cube1,8820490851,-0.4183,0.9745,-0.0384,299.7531,127.8372,339.8104,Cube1,PlasterWallShort2,-0.0806,1.1815,-0.6499,358.3647,356.2884,359.9618,0.1294,-0.0229,0.9914,1.0207,6.8821,0,0.0974,-0.0229,0.9949,1.0285,4.7026,0,Player2Face,0.0092,1.1909,0.8541,-0.1453,0.984,-0.2406,356.0901,205.2051,3.7862,,PlasterWallLong2,2439.332,0,0,Cube1,-0.4,0.89,0,1,2400.685,2391.50439335,0.0197969211198223,0.0946,106.7204,9.3972,10.2514,18.5491,1
joint,5045,1,Responder,4,3,5,Initiator,1,1,3,2,1,0,-0.0195,1.1958,0.8363,7.4049,183.0706,354.4738,-0.02,1.1939,0.8214,7.4476,183.0936,354.5785,1,-0.0306,0.0035,-0.0245,0.2727,-0.0751,0.9592,0.0324,0.0069,-0.0244,0.2107,-0.0551,0.976,-0.0201,1.2021,0.845,-0.2854,-0.2125,-0.9346,1,Cube1,-0.305,0.99,-0.0878,Cube1,8820507514,-0.4182,0.9744,-0.0383,299.7704,127.8331,339.7862,Cube1,PlasterWallShort2,-0.0806,1.1815,-0.6499,358.3647,356.2884,359.9618,0.1294,-0.0229,0.9914,1.0207,6.8821,0,0.0974,-0.0229,0.9949,1.0285,4.7026,0,Player2Face,0.0092,1.1909,0.8541,-0.1548,0.9859,-0.2332,355.9441,205.4861,3.0752,,PlasterWallLong2,2439.332,0,0,Cube1,-0.4,0.89,0,1,2400.697,2391.51589095,0.0197969211198223,0.0945,106.6767,9.4187,9.7084,18.5276,1
joint,5045,1,Responder,4,3,5,Initiator,1,1,3,2,1,0,-0.0194,1.1958,0.8363,7.4044,183.0789,354.4906,-0.02,1.1939,0.8214,7.4443,183.088,354.5804,1,-0.0306,0.0035,-0.0245,0.273,-0.0752,0.9591,0.0324,0.0069,-0.0244,0.2107,-0.0549,0.976,-0.0201,1.2021,0.845,-0.2855,-0.2123,-0.9346,1,Cube1,-0.3053,0.99,-0.0884,Cube1,8820515846,-0.4181,0.9744,-0.0383,299.8008,127.8356,339.7551,Cube1,PlasterWallShort2,-0.082,1.1813,-0.6503,358.3366,356.1883,0.0432,0.1296,-0.0241,0.9914,1.0911,7.0228,0,0.0938,-0.0241,0.9952,1.103,4.9116,0,Player2Face,0.003,1.19,0.8533,-0.1548,0.9859,-0.2332,355.9441,205.4861,3.0752,,PlasterWallLong2,2439.342,0,0,Cube1,-0.4,0.89,0,1,2400.708,2391.52702775,0.0197969211198223,0.0944,106.609,9.4209,9.7112,18.4813,1
joint,5045,1,Responder,4,3,5,Initiator,1,1,3,2,1,0,-0.0194,1.1958,0.8362,7.408,183.064,354.5017,-0.02,1.1939,0.8214,7.4411,183.0864,354.5778,1,-0.0306,0.0035,-0.0245,0.273,-0.0752,0.959,0.0324,0.0069,-0.0244,0.211,-0.055,0.9759,-0.0201,1.2021,0.845,-0.2856,-0.2124,-0.9345,1,Cube1,-0.3054,0.99,-0.0882,Cube1,8820524177,-0.418,0.9743,-0.0382,299.8167,127.8456,339.7345,Cube1,PlasterWallShort2,-0.0846,1.181,-0.651,358.2844,356.0123,0.1938,0.1485,-0.0216,0.9887,1.2333,7.5484,0,0.1064,-0.0216,0.994,1.2478,5.3728,0,Player2Face,0.0207,1.1957,0.8554,-0.1576,0.9856,-0.2295,355.8739,205.5619,2.856,,PlasterWallLong2,2439.365,0,0,Cube1,-0.4,0.89,0,1,2400.719,2391.53790885,0.0197969211198223,0.0943,106.5896,9.4129,9.5498,18.4065,1
joint,5045,1,Responder,4,3,5,Initiator,1,1,3,2,1,0,-0.0193,1.1958,0.8363,7.4073,183.0605,354.4986,-0.0201,1.1939,0.8215,7.4468,183.0762,354.5539,1,-0.0306,0.0035,-0.0245,0.2731,-0.0754,0.959,0.0324,0.0069,-0.0244,0.2116,-0.0553,0.9758,-0.0202,1.2021,0.8451,-0.2857,-0.2128,-0.9344,1,Cube1,-0.3049,0.99,-0.0858,Cube1,8820540840,-0.4179,0.9743,-0.0382,299.8322,127.8635,339.7109,Cube1,PlasterWallShort2,-0.0846,1.181,-0.651,358.2844,356.0123,0.1938,0.1485,-0.0216,0.9887,1.2333,7.5484,0,0.1064,-0.0216,0.994,1.2478,5.3728,0,Player2Face,0.0207,1.1957,0.8554,-0.1667,0.9858,-0.2212,355.8716,206.0418,2.0205,,PlasterWallLong2,2439.365,0,0,Cube1,-0.4,0.89,0,1,2400.73,2391.54903685,0.0197969211198223,0.0943,106.5702,9.3829,9.0332,18.4332,1
joint,5045,1,Responder,4,3,5,Initiator,1,1,3,2,1,0,-0.0193,1.1958,0.8363,7.4097,183.0609,354.489,-0.0202,1.1938,0.8215,7.4405,183.0743,354.5414,1,-0.0306,0.0035,-0.0245,0.2732,-0.0752,0.959,0.0324,0.0069,-0.0244,0.2121,-0.0553,0.9757,-0.0203,1.202,0.8451,-0.286,-0.2127,-0.9343,1,Cube1,-0.3054,0.99,-0.0866,Cube1,8820549172,-0.4179,0.9742,-0.0382,299.8482,127.8514,339.687,Cube1,PlasterWallShort2,-0.087,1.1808,-0.6516,358.2255,355.852,0.3542,0.1534,-0.0269,0.988,1.3369,8.105,0,0.1061,-0.0269,0.9937,1.3515,5.7873,0,Player2Face,0.0173,1.1895,0.8567,-0.1667,0.9858,-0.2212,355.8716,206.0418,2.0205,,Cube1,2439.387,0,0,Cube1,-0.4,0.89,0,1,2400.741,2391.56054425,0.0197969211198223,0.0942,106.5479,9.3781,9.0486,18.3664,1
joint,5045,1,Responder,4,3,5,Initiator,1,1,3,2,1,0,-0.0193,1.1958,0.8363,7.4251,183.0544,354.4917,-0.0202,1.1939,0.8215,7.4179,183.084,354.5327,1,-0.0306,0.0035,-0.0245,0.2731,-0.0758,0.959,0.0324,0.0069,-0.0244,0.212,-0.0556,0.9757,-0.0203,1.202,0.8451,-0.286,-0.2128,-0.9343,1,Cube1,-0.3053,0.99,-0.0861,Cube1,8820565835,-0.4178,0.9742,-0.0382,299.8473,127.8476,339.6749,Cube1,PlasterWallShort2,-0.087,1.1808,-0.6516,358.2255,355.852,0.3542,0.1534,-0.0269,0.988,1.3369,8.105,0,0.1061,-0.0269,0.9937,1.3515,5.7873,0,Player2Face,0.0173,1.1895,0.8567,-0.1755,0.9847,-0.2121,355.956,206.5622,1.0526,,Cube1,2439.387,0,0,Cube1,-0.4,0.89,0,1,2400.753,2391.57205345,0.0197969211198223,0.0942,106.5402,9.3723,8.5183,18.3708,1
joint,5045,1,Responder,4,3,5,Initiator,1,1,3,2,1,0,-0.0193,1.1958,0.8362,7.4277,183.0564,354.4868,-0.0202,1.1939,0.8215,7.4195,183.0815,354.5227,1,-0.0306,0.0035,-0.0245,0.2733,-0.0758,0.9589,0.0324,0.0069,-0.0244,0.212,-0.056,0.9757,-0.0204,1.2021,0.8452,-0.286,-0.2131,-0.9342,1,Cube1,-0.305,0.99,-0.0847,Cube1,8820574166,-0.4178,0.9742,-0.0382,299.8513,127.8387,339.6771,Cube1,PlasterWallShort2,-0.0894,1.1805,-0.6521,358.1591,355.6955,0.5245,0.1574,-0.0308,0.987,1.4293,8.5073,0,0.1118,-0.0308,0.9933,1.4437,6.0987,0,Player2Face,0.0178,1.1858,0.8586,-0.1755,0.9847,-0.2121,355.956,206.5622,1.0526,,Cube1,2439.409,0,0,Cube1,-0.4,0.89,0,1,2400.763,2391.58254785,0.0197969211198223,0.0941,106.5384,9.3557,8.5254,18.3057,1
joint,5045,1,Responder,4,3,5,Initiator,1,1,3,2,1,0,-0.0193,1.1957,0.8362,7.4235,183.0735,354.4778,-0.0203,1.1939,0.8216,7.4231,183.0816,354.5218,1,-0.0306,0.0035,-0.0245,0.2733,-0.0761,0.9589,0.0324,0.0069,-0.0244,0.2119,-0.0558,0.9757,-0.0204,1.2021,0.8452,-0.286,-0.2131,-0.9342,1,Cube1,-0.305,0.99,-0.0845,Cube1,8820582498,-0.4178,0.9742,-0.0382,299.8469,127.8188,339.6811,Cube1,PlasterWallShort2,-0.0907,1.1805,-0.6524,358.1187,355.6154,0.6056,0.1526,-0.0331,0.9877,1.5226,8.6411,0,0.1134,-0.0331,0.9931,1.542,6.2225,0,Player2Face,0.0124,1.1837,0.8581,-0.1812,0.9838,-0.2059,355.9683,206.9127,0.389,,Cube1,2439.421,0,0,Cube1,-0.4,0.89,0,1,2400.774,2391.59332605,0.0197969211198223,0.0941,106.5389,9.3516,8.1721,18.2727,1
joint,5045,1,Responder,4,3,5,Initiator,1,1,3,2,1,0,-0.0193,1.1957,0.8362,7.4152,183.0809,354.4792,-0.0203,1.1939,0.8216,7.4387,183.0794,354.4962,1,-0.0306,0.0035,-0.0245,0.2735,-0.0761,0.9588,0.0324,0.0069,-0.0244,0.212,-0.0556,0.9757,-0.0204,1.2021,0.8452,-0.286,-0.2134,-0.9342,1,Cube1,-0.3047,0.99,-0.0833,Cube1,8820599161,-0.4178,0.9741,-0.0382,299.8482,127.8137,339.6852,Cube1,PlasterWallShort2,-0.0907,1.1805,-0.6524,358.1187,355.6154,0.6056,0.1526,-0.0331,0.9877,1.5226,8.6411,0,0.1134,-0.0331,0.9931,1.542,6.2225,0,Player2Face,0.0124,1.1837,0.8581,-0.1867,0.9838,-0.1993,355.8183,207.2867,359.7837,,Cube1,2439.421,0,0,Cube1,-0.4,0.89,0,1,2400.786,2391.60485445,0.0197969211198223,0.0941,106.5494,9.3358,7.8362,18.2871,1
joint,5045,1,Responder,4,3,5,Initiator,1,1,3,2,1,0,-0.0193,1.1957,0.8362,7.4172,183.0991,354.4822,-0.0203,1.1939,0.8216,7.4401,183.0816,354.4865,1,-0.0306,0.0035,-0.0245,0.273,-0.0759,0.959,0.0324,0.0069,-0.0244,0.2119,-0.0558,0.9757,-0.0205,1.2021,0.8452,-0.2858,-0.2135,-0.9342,1,Cube1,-0.3043,0.99,-0.083,Cube1,8820607493,-0.4178,0.974,-0.0382,299.8476,127.8079,339.6765,Cube1,PlasterWallShort2,-0.0918,1.1804,-0.6527,358.0825,355.5196,0.6856,0.1604,-0.0316,0.9866,1.6103,8.7554,0,0.1153,-0.0316,0.9928,1.6313,6.3296,0,Player2Face,0.0163,1.1871,0.8575,-0.1867,0.9838,-0.1993,355.8183,207.2867,359.7837,,Cube1,2439.432,0,0,Cube1,-0.4,0.89,0,1,2400.797,2391.61555555,0.0197969211198223,0.094,106.5584,9.3452,7.8197,18.2414,1
joint,5045,1,Responder,4,3,5,Initiator,1,1,3,2,1,0,-0.0193,1.1957,0.8362,7.4109,183.1174,354.47,-0.0203,1.1939,0.8216,7.4354,183.0823,354.4724,1,-0.0306,0.0035,-0.0245,0.273,-0.0758,0.959,0.0324,0.0069,-0.0244,0.2122,-0.0559,0.9756,-0.0205,1.2021,0.8452,-0.2859,-0.2135,-0.9342,1,Cube1,-0.3044,0.99,-0.0829,Cube1,8820615824,-0.4177,0.974,-0.0382,299.8513,127.8132,339.6651,Cube1,PlasterWallShort2,-0.094,1.1802,-0.6531,358.0034,355.3465,0.8696,0.1623,-0.0321,0.9863,1.6801,9.0349,0,0.1156,-0.0321,0.9927,1.692,6.469,0,Player2Face,0.0105,1.189,0.8551,-0.1892,0.983,-0.196,355.6272,207.4908,359.5288,,Cube1,2439.454,0,0,Cube1,-0.4,0.89,0,1,2400.808,2391.62707445,0.0197969211198223,0.094,106.5569,9.3396,7.6617,18.1778,1
joint,5045,1,Responder,4,3,5,Initiator,1,1,3,2,1,0,-0.0193,1.1957,0.8362,7.4268,183.1447,354.4634,-0.0203,1.1939,0.8215,7.428,183.0804,354.4548,1,-0.0306,0.0035,-0.0245,0.273,-0.0758,0.959,0.0324,0.0069,-0.0244,0.2124,-0.0563,0.9755,-0.0205,1.2021,0.8452,-0.2859,-0.2136,-0.9341,1,Cube1,-0.3043,0.99,-0.0823,Cube1,8820624156,-0.4177,0.974,-0.0382,299.8663,127.8092,339.6637,Cube1,PlasterWallShort2,-0.0951,1.1801,-0.6533,357.9688,355.2545,0.9645,0.1768,-0.0333,0.9837,1.7219,9.2139,0,0.1252,-0.0333,0.9916,1.7341,6.5815,0,Player2Face,0.0261,1.1885,0.8603,-0.1967,0.9819,-0.1872,355.0129,208.2439,358.758,,Cube1,2439.466,0,0,Cube1,-0.4,0.89,0,1,2400.819,2391.63805915,0.0197969211198223,0.0939,106.5642,9.331,7.1823,18.1525,1
joint,5045,1,Responder,4,3,5,Initiator,1,1,3,2,1,0,-0.0193,1.1957,0.8362,7.415,183.1606,354.465,-0.0203,1.1939,0.8215,7.4188,183.0806,354.4638,1,-0.0306,0.0035,-0.0245,0.2734,-0.0756,0.9589,0.0324,0.0069,-0.0244,0.2115,-0.0564,0.9757,-0.0204,1.202,0.8451,-0.2858,-0.2133,-0.9343,1,Cube1,-0.3044,0.99,-0.0835,Cube1,8820640819,-0.4177,0.9739,-0.0382,299.8862,127.833,339.6166,Cube1,PlasterWallShort2,-0.0951,1.1801,-0.6533,357.9688,355.2545,0.9645,0.1768,-0.0333,0.9837,1.7219,9.2139,0,0.1252,-0.0333,0.9916,1.7341,6.5815,0,Player2Face,0.0261,1.1885,0.8603,-0.1993,0.9809,-0.1844,354.8397,208.5144,358.5142,,Cube1,2439.466,0,0,Cube1,-0.4,0.89,0,1,2400.83,2391.64939885,0.0197969211198223,0.0939,106.5546,9.3541,6.9972,18.132,1
joint,5045,1,Responder,4,3,5,Initiator,1,1,3,2,1,0,-0.0195,1.1958,0.8364,7.4022,183.1584,354.4556,-0.0203,1.1938,0.8214,7.4124,183.0778,354.4706,1,-0.0306,0.0035,-0.0245,0.2733,-0.0753,0.959,0.0324,0.0069,-0.0244,0.2113,-0.0565,0.9758,-0.0204,1.202,0.8451,-0.2856,-0.2131,-0.9344,1,Cube1,-0.3046,0.99,-0.0847,Cube1,8820649150,-0.4177,0.9738,-0.0382,299.9037,127.8491,339.5932,Cube1,PlasterWallShort2,-0.0961,1.18,-0.6536,357.9224,355.162,1.0327,0.181,-0.0197,0.9833,1.6842,9.4859,0,0.1327,-0.0197,0.9909,1.6842,6.8021,0,Player2Face,0.0298,1.2105,0.8538,-0.1993,0.9809,-0.1844,354.8397,208.5144,358.5142,,Cube1,2439.478,0,0,Cube1,-0.4,0.89,0,1,2400.842,2391.66054505,0.0197969211198223,0.0938,106.5528,9.3731,6.9849,18.0826,1
joint,5045,1,Responder,4,3,5,Initiator,1,1,3,2,1,0,-0.0195,1.1958,0.8364,7.378,183.1693,354.4428,-0.0202,1.1939,0.8214,7.4045,183.0776,354.4879,1,-0.0303,0.0035,-0.0245,0.3159,-0.0762,0.9457,0.0326,0.0069,-0.0246,0.2568,-0.0561,0.9648,-0.0205,1.2021,0.8452,-0.3287,-0.2158,-0.9195,1,Cube1,-0.3435,0.99,-0.0585,Cube1,8820665813,-0.4177,0.9737,-0.0382,299.9237,127.901,339.5128,Cube1,PlasterWallShort2,-0.0982,1.1798,-0.6539,357.8082,354.9854,1.2044,0.1797,-0.0303,0.9832,1.5773,9.9105,0,0.1343,-0.0303,0.9905,1.5672,7.2295,0,Player2Face,0.0231,1.1977,0.8551,-0.202,0.9808,-0.1817,354.6923,208.7856,358.2467,,Cube1,2439.499,0,0,Cube1,-0.4,0.89,0,1,2400.853,2391.67217865,0.0197969211198223,0.0937,106.5377,7.5321,9.4419,20.227,1
joint,5045,1,Responder,4,3,5,Initiator,1,1,3,2,1,0,-0.0195,1.1958,0.8364,7.3763,183.1618,354.4447,-0.0202,1.1939,0.8214,7.4066,183.0699,354.4973,1,-0.0302,0.0034,-0.0246,0.348,-0.0727,0.9347,0.0327,0.007,-0.025,0.2826,-0.058,0.9575,-0.0206,1.2021,0.8454,-0.3569,-0.2166,-0.9087,1,Cube1,-0.3702,0.99,-0.0445,Cube1,8820674145,-0.4177,0.9736,-0.0382,299.9383,127.9337,339.4741,Cube1,PlasterWallShort2,-0.0992,1.1798,-0.654,357.7506,354.8913,1.2699,0.1843,-0.0306,0.9824,1.593,10.0785,0,0.1369,-0.0306,0.9901,1.5893,7.4043,0,Player2Face,0.0254,1.1991,0.8555,-0.21,0.9787,-0.1742,354.4051,209.5075,357.4746,,Cube1,2439.51,0,0,Cube1,-0.4,0.89,0,1,2400.864,2391.68298555,0.0197969211198223,0.0936,106.5478,6.6453,10.6764,21.687,1
joint,5045,1,Responder,4,3,5,Initiator,1,1,3,2,1,0,-0.0195,1.1958,0.8364,7.3827,183.168,354.4425,-0.0202,1.1939,0.8214,7.4078,183.0627,354.5006,1,-0.0301,0.0034,-0.0244,0.3563,-0.0771,0.9312,0.0328,0.007,-0.025,0.2837,-0.0591,0.9571,-0.0207,1.2021,0.8453,-0.3612,-0.2195,-0.9063,1,Cube1,-0.3696,0.99,-0.0302,Cube1,8820682476,-0.4177,0.9736,-0.0382,299.9549,127.94,339.46,Cube1,PlasterWallShort2,-0.1001,1.1796,-0.654,357.7007,354.8036,1.3355,0.1845,-0.0309,0.9824,1.6268,10.2291,0,0.1393,-0.0309,0.9897,1.629,7.5632,0,Player2Face,0.0242,1.2001,0.8545,-0.2127,0.9785,-0.1714,354.3559,209.7149,357.2159,,Cube1,2439.521,0,0,Cube1,-0.4,0.89,0,1,2400.876,2391.69450005,0.0197969211198223,0.0936,106.5529,6.3806,10.785,21.9847,1
joint,5045,1,Responder,4,3,5,Initiator,1,1,3,2,1,0,-0.0195,1.1958,0.8364,7.3775,183.1737,354.4383,-0.0201,1.1938,0.8214,7.4093,183.0609,354.4906,1,-0.0301,0.0034,-0.0244,0.3532,-0.0801,0.9321,0.0328,0.007,-0.0249,0.2794,-0.0614,0.9582,-0.0206,1.202,0.8453,-0.3573,-0.222,-0.9072,1,Cube1,-0.3619,0.99,-0.0213,Cube1,8820699139,-0.4177,0.9735,-0.0382,299.9675,127.96,339.4257,Cube1,PlasterWallShort2,-0.101,1.1795,-0.6542,357.6466,354.7076,1.3964,0.1847,-0.032,0.9823,1.6679,10.3484,0,0.1396,-0.032,0.9897,1.6745,7.6971,0,Player2Face,0.0211,1.2,0.8535,-0.2181,0.9777,-0.1663,354.3012,210.0909,356.7139,,Cube1,2439.532,0,0,Cube1,-0.4,0.89,0,1,2400.886,2391.70523695,0.0197969211198223,0.0935,106.5543,6.334,10.2133,21.8323,1
joint,5045,1,Responder,4,3,5,Initiator,1,1,3,2,1,0,-0.0196,1.1958,0.8364,7.39,183.1564,354.4341,-0.0201,1.1938,0.8214,7.4182,183.0573,354.4905,1,-0.0301,0.0034,-0.0244,0.3525,-0.0808,0.9323,0.0328,0.007,-0.0249,0.2795,-0.0613,0.9582,-0.0206,1.202,0.8453,-0.3568,-0.2224,-0.9073,1,Cube1,-0.3608,0.99,-0.0197,Cube1,8820707471,-0.4177,0.9734,-0.0382,299.9679,127.9949,339.3633,Cube1,PlasterWallShort2,-0.1018,1.1794,-0.6544,357.6028,354.6242,1.4705,0.1879,-0.0338,0.9816,1.7192,10.4579,0,0.1392,-0.0338,0.9897,1.7296,7.7996,0,Player2Face,0.0195,1.1987,0.8537,-0.2208,0.9772,-0.164,354.2891,210.2728,356.4707,,Cube1,2439.544,0,0,Cube1,-0.4,0.89,0,1,2400.897,2391.71629685,0.0197969211198223,0.0934,106.5593,6.3209,10.019,21.7959,1
joint,5045,1,Responder,4,3,5,Initiator,1,1,3,2,1,0,-0.0195,1.1958,0.8363,7.3868,183.1676,354.4418,-0.0201,1.1938,0.8214,7.4259,183.055,354.4902,1,-0.0301,0.0034,-0.0244,0.3532,-0.0814,0.932,0.0328,0.007,-0.0249,0.2781,-0.0616,0.9586,-0.0206,1.202,0.8452,-0.3565,-0.223,-0.9073,1,Cube1,-0.3596,0.99,-0.0176,Cube1,8820715802,-0.4177,0.9734,-0.0383,299.978,127.9981,339.3478,Cube1,PlasterWallShort2,-0.1018,1.1794,-0.6544,357.6028,354.6242,1.4705,0.1879,-0.0338,0.9816,1.7192,10.4579,0,0.1392,-0.0338,0.9897,1.7296,7.7996,0,Player2Face,0.0195,1.1987,0.8537,-0.2235,0.9767,-0.1621,354.2904,210.458,356.2343,,Cube1,2439.544,0,0,Cube1,-0.4,0.89,0,1,2400.909,2391.72792855,0.0197969211198223,0.0934,106.5679,6.3003,9.8317,21.7951,1
joint,5045,1,Responder,4,3,5,Initiator,1,1,3,2,1,0,-0.0195,1.1958,0.8364,7.3843,183.1539,354.4453,-0.0201,1.1938,0.8214,7.4241,183.0713,354.4789,1,-0.0301,0.0034,-0.0244,0.3531,-0.0795,0.9322,0.0328,0.007,-0.0249,0.2772,-0.0621,0.9588,-0.0206,1.202,0.8452,-0.3563,-0.2223,-0.9076,1,Cube1,-0.3604,0.99,-0.0203,Cube1,8820732465,-0.4176,0.9733,-0.0383,299.983,127.9966,339.3383,Cube1,PlasterWallShort2,-0.1027,1.1793,-0.6546,357.5707,354.5274,1.538,0.1886,-0.0338,0.9815,1.7728,10.5633,0,0.1402,-0.0338,0.9895,1.7857,7.8784,0,Player2Face,0.0173,1.1998,0.8527,-0.2235,0.9767,-0.1621,354.2904,210.458,356.2343,,Cube1,2439.555,0,0,Cube1,-0.4,0.89,0,1,2400.919,2391.73842395,0.0197969211198223,0.0934,106.5787,6.3411,9.8154,21.7338,1
joint,5045,1,Responder,4,3,5,Initiator,1,1,3,2,1,0,-0.0195,1.1958,0.8364,7.3719,183.146,354.4359,-0.0201,1.1938,0.8214,7.4185,183.0779,354.4786,1,-0.0301,0.0034,-0.0244,0.3537,-0.0795,0.932,0.0328,0.007,-0.0249,0.2773,-0.0624,0.9587,-0.0206,1.202,0.8452,-0.3567,-0.2224,-0.9074,1,Cube1,-0.3607,0.99,-0.0197,Cube1,8820740797,-0.4176,0.9732,-0.0383,299.9784,127.9752,339.3211,Cube1,PlasterWallShort2,-0.1035,1.1791,-0.6547,357.5414,354.4375,1.6168,0.189,-0.0337,0.9814,1.8168,10.6519,0,0.1416,-0.0337,0.9893,1.83,7.9454,0,Player2Face,0.0155,1.2009,0.8518,-0.2285,0.9752,-0.1574,354.32,210.9133,355.6604,,Cube1,2439.566,0,0,Cube1,-0.4,0.89,0,1,2400.931,2391.75005865,0.0197969211198223,0.0933,106.5947,6.3244,9.517,21.7318,1
joint,5045,1,Responder,4,3,5,Initiator,1,1,3,2,1,0,-0.0195,1.1958,0.8364,7.3642,183.1368,354.4226,-0.0201,1.1938,0.8214,7.4159,183.0873,354.4803,1,-0.0301,0.0034,-0.0244,0.3535,-0.0795,0.932,0.0328,0.007,-0.0248,0.2776,-0.0627,0.9586,-0.0206,1.202,0.8452,-0.3569,-0.2225,-0.9073,1,Cube1,-0.3607,0.99,-0.0192,Cube1,8820749128,-0.4176,0.9732,-0.0383,299.9815,127.9505,339.3287,Cube1,PlasterWallShort2,-0.1044,1.179,-0.6547,357.528,354.3287,1.6803,0.1887,-0.0326,0.9816,1.846,10.7242,0,0.1459,-0.0326,0.9887,1.8571,8.0333,0,Player2Face,0.014,1.2032,0.8506,-0.231,0.9753,-0.1553,354.3627,211.2071,355.2997,,Cube1,2439.577,0,0,Cube1,-0.4,0.89,0,1,2400.943,2391.76190685,0.0197969211198223,0.0932,106.6163,6.315,9.3726,21.7127,1
joint,5045,1,Responder,4,3,5,Initiator,1,1,3,2,1,0,-0.0195,1.1958,0.8364,7.3771,183.1286,354.4306,-0.0202,1.1938,0.8214,7.4119,183.1145,354.472,1,-0.0301,0.0034,-0.0244,0.3527,-0.0797,0.9323,0.0328,0.007,-0.0248,0.2772,-0.0622,0.9588,-0.0207,1.202,0.8452,-0.3567,-0.2223,-0.9074,1,Cube1,-0.3609,0.99,-0.0201,Cube1,8820765792,-0.4175,0.9731,-0.0383,299.9897,127.9295,339.3389,Cube1,PlasterWallShort2,-0.1052,1.1789,-0.6548,357.4889,354.2331,1.7375,0.1895,-0.0323,0.9814,1.8583,10.7806,0,0.1499,-0.0323,0.9881,1.8661,8.1556,0,Player2Face,0.0143,1.2049,0.8502,-0.2336,0.9749,-0.1532,354.4136,211.5272,354.9134,,Cube1,2439.589,0,0,Cube1,-0.4,0.89,0,1,2400.953,2391.77230075,0.0197969211198223,0.0932,106.6337,6.3296,9.1966,21.671,1
joint,5045,1,Responder,4,3,5,Initiator,1,1,3,2,1,0,-0.0196,1.1958,0.8364,7.3824,183.1234,354.4177,-0.0201,1.1938,0.8213,7.4204,183.1336,354.4661,1,-0.0301,0.0034,-0.0244,0.3527,-0.0796,0.9323,0.0328,0.007,-0.0248,0.2773,-0.0622,0.9588,-0.0207,1.202,0.8452,-0.3571,-0.2224,-0.9072,1,Cube1,-0.361,0.99,-0.0196,Cube1,8820774123,-0.4174,0.9731,-0.0384,299.9914,127.887,339.3352,Cube1,PlasterWallShort2,-0.106,1.1788,-0.6548,357.4638,354.1301,1.771,0.1917,-0.0299,0.981,1.8496,10.8319,0,0.1485,-0.0299,0.9885,1.8532,8.2632,0,Player2Face,0.0104,1.2092,0.8482,-0.2387,0.9739,-0.1491,354.5185,212.1952,354.114,,Cube1,2439.6,0,0,Cube1,-0.4,0.89,0,1,2400.965,2391.78398265,0.0197969211198223,0.0931,106.6553,6.3166,8.8905,21.6656,1
joint,5045,1,Responder,4,3,5,Initiator,1,1,3,2,1,0,-0.0196,1.1958,0.8364,7.3856,183.117,354.4077,-0.0201,1.1938,0.8213,7.4228,183.1501,354.464,1,-0.0301,0.0034,-0.0244,0.3529,-0.0796,0.9323,0.0328,0.007,-0.0248,0.2769,-0.062,0.9589,-0.0207,1.202,0.8451,-0.3572,-0.2224,-0.9072,1,Cube1,-0.3612,0.99,-0.0197,Cube1,8820782455,-0.4174,0.973,-0.0384,299.98,127.8692,339.3257,Cube1,PlasterWallShort2,-0.1075,1.1787,-0.6549,357.3654,353.913,1.8858,0.1984,-0.0316,0.9795,1.8029,11.002,0,0.1585,-0.0316,0.9869,1.8004,8.5837,0,Player2Face,0.0164,1.2097,0.8495,-0.2413,0.9735,-0.1472,354.5688,212.5245,353.7173,,Cube1,2439.622,0,0,Cube1,-0.4,0.89,0,1,2400.976,2391.79461945,0.0197969211198223,0.0931,106.6636,6.3146,8.7394,21.6236,1
joint,5045,1,Responder,4,3,5,Initiator,1,1,3,2,1,0,-0.0196,1.1958,0.8364,7.3959,183.1258,354.4019,-0.0203,1.1938,0.8215,7.4045,183.1588,354.4573,1,-0.0301,0.0034,-0.0244,0.3529,-0.0796,0.9323,0.0328,0.007,-0.0248,0.277,-0.0618,0.9589,-0.0208,1.202,0.8453,-0.3574,-0.222,-0.9072,1,Cube1,-0.3622,0.99,-0.0212,Cube1,8820799118,-0.4173,0.973,-0.0384,299.9687,127.8531,339.3165,Cube1,PlasterWallShort2,-0.1083,1.1786,-0.655,357.3055,353.8139,1.9392,0.1985,-0.0355,0.9795,1.819,11.1131,0,0.1605,-0.0355,0.9863,1.8195,8.7551,0,Player2Face,0.0141,1.2056,0.85,-0.2489,0.9724,-0.1419,354.7562,213.4537,352.6472,,Cube1,2439.634,0,0,Cube1,-0.4,0.89,0,1,2400.987,2391.80561605,0.0197969211198223,0.0931,106.6716,6.3274,8.2826,21.596,1
joint,5045,1,Responder,4,3,5,Initiator,1,1,3,2,1,0,-0.0196,1.1958,0.8364,7.3971,183.1294,354.4028,-0.0203,1.1938,0.8215,7.389,183.1644,354.4486,1,-0.0301,0.0034,-0.0244,0.3525,-0.0799,0.9324,0.0328,0.007,-0.0248,0.2774,-0.0619,0.9587,-0.0208,1.202,0.8453,-0.3575,-0.222,-0.9071,1,Cube1,-0.3623,0.99,-0.021,Cube1,8820807449,-0.4173,0.973,-0.0384,299.9616,127.8363,339.3112,Cube1,PlasterWallShort2,-0.1083,1.1786,-0.655,357.3055,353.8139,1.9392,0.1985,-0.0355,0.9795,1.819,11.1131,0,0.1605,-0.0355,0.9863,1.8195,8.7551,0,Player2Face,0.0141,1.2056,0.85,-0.2514,0.9717,-0.1403,354.8232,213.74,352.3639,,Cube1,2439.634,0,0,Cube1,-0.4,0.89,0,1,2400.998,2391.81671725,0.0197969211198223,0.0931,106.6765,6.3218,8.1384,21.6033,1
joint,5045,1,Responder,4,3,5,Initiator,1,1,3,2,1,0,-0.0197,1.1957,0.8364,7.3924,183.1284,354.3982,-0.0204,1.1939,0.8216,7.3766,183.1622,354.4446,1,-0.0301,0.0034,-0.0244,0.3526,-0.08,0.9323,0.0328,0.007,-0.0248,0.278,-0.062,0.9586,-0.0209,1.202,0.8454,-0.3578,-0.2219,-0.907,1,Cube1,-0.3624,0.99,-0.021,Cube1,8820824112,-0.4171,0.9729,-0.0385,299.9455,127.8103,339.3106,Cube1,PlasterWallShort2,-0.1089,1.1786,-0.6551,357.2589,353.7065,1.9967,0.2081,-0.036,0.9775,1.8591,11.2492,0,0.1604,-0.036,0.9863,1.8641,8.8902,0,Player2Face,0.0181,1.2065,0.8509,-0.2514,0.9717,-0.1403,354.8232,213.74,352.3639,,Cube1,2439.645,0,0,Cube1,-0.4,0.89,0,1,2401.01,2391.82916515,0.0197969211198223,0.093,106.6986,6.3172,8.157,21.5977,1
joint,5045,1,Responder,4,3,5,Initiator,1,1,3,2,1,0,-0.0197,1.1957,0.8363,7.3925,183.1167,354.4051,-0.0203,1.1938,0.8215,7.3812,183.1666,354.443,1,-0.0301,0.0034,-0.0244,0.3524,-0.0802,0.9324,0.0328,0.007,-0.0248,0.2787,-0.0615,0.9584,-0.0208,1.202,0.8454,-0.3581,-0.2219,-0.9069,1,Cube1,-0.3631,0.99,-0.0213,Cube1,8820832444,-0.417,0.9729,-0.0385,299.945,127.7858,339.3207,Cube1,PlasterWallShort2,-0.1102,1.1785,-0.6551,357.179,353.5484,2.0888,0.2082,-0.0373,0.9775,1.9687,11.5609,0,0.1668,-0.0373,0.9852,1.981,9.1114,0,Player2Face,0.017,1.2069,0.8505,-0.2563,0.9709,-0.1367,355.0153,214.2387,351.8414,,Cube1,2439.667,0,0,Cube1,-0.4,0.89,0,1,2401.02,2391.83874455,0.0197969211198223,0.093,106.7039,6.3148,7.8624,21.5695,1
joint,5045,1,Responder,4,3,5,Initiator,1,1,3,2,1,0,-0.0198,1.1958,0.8363,7.4019,183.129,354.397,-0.0203,1.1938,0.8215,7.3799,183.171,354.4402,1,-0.0301,0.0034,-0.0244,0.3527,-0.0807,0.9322,0.0328,0.007,-0.0248,0.2789,-0.0614,0.9583,-0.0208,1.202,0.8453,-0.3584,-0.2221,-0.9068,1,Cube1,-0.363,0.99,-0.0203,Cube1,8820840775,-0.417,0.9729,-0.0385,299.9482,127.759,339.3312,Cube1,PlasterWallShort2,-0.1102,1.1785,-0.6551,357.179,353.5484,2.0888,0.2082,-0.0373,0.9775,1.9687,11.5609,0,0.1668,-0.0373,0.9852,1.981,9.1114,0,Player2Face,0.017,1.2069,0.8505,-0.261,0.9701,-0.133,355.1878,214.6459,351.3734,,Cube1,2439.667,0,0,Cube1,-0.4,0.89,0,1,2401.031,2391.85055075,0.0197969211198223,0.0929,106.7042,6.2952,7.5796,21.5925,1
joint,5045,1,Responder,4,3,5,Initiator,1,1,3,2,1,0,-0.0198,1.1958,0.8363,7.4044,183.1363,354.4074,-0.0204,1.1939,0.8215,7.3898,183.1569,354.4345,1,-0.0301,0.0034,-0.0244,0.3527,-0.0807,0.9322,0.0328,0.007,-0.0248,0.2782,-0.0615,0.9585,-0.0209,1.202,0.8453,-0.3578,-0.2223,-0.9069,1,Cube1,-0.3621,0.99,-0.0196,Cube1,8820857438,-0.4167,0.9728,-0.0386,299.9679,127.7032,339.3447,Cube1,PlasterWallShort2,-0.1108,1.1785,-0.6551,357.1536,353.4833,2.1301,0.2121,-0.0376,0.9766,2.0176,11.7106,0,0.1655,-0.0376,0.9854,2.0305,9.2298,0,Player2Face,0.0168,1.2072,0.8504,-0.261,0.9701,-0.133,355.1878,214.6459,351.3734,,Cube1,2439.678,0,0,Cube1,-0.4,0.89,0,1,2401.044,2391.86297305,0.0197969211198223,0.0929,106.7101,6.2953,7.5493,21.5535,1
joint,5045,1,Responder,4,3,5,Initiator,1,1,3,2,1,0,-0.0198,1.1959,0.8363,7.3906,183.1199,354.4107,-0.0203,1.1939,0.8215,7.3875,183.165,354.44,1,-0.0301,0.0034,-0.0244,0.3527,-0.081,0.9322,0.0328,0.007,-0.0248,0.2784,-0.0618,0.9585,-0.0208,1.202,0.8453,-0.358,-0.2225,-0.9068,1,Cube1,-0.362,0.99,-0.0188,Cube1,8820865770,-0.4166,0.9728,-0.0386,299.9914,127.6782,339.3471,Cube1,PlasterWallShort2,-0.112,1.1785,-0.6553,357.1367,353.3571,2.2009,0.2168,-0.0393,0.9755,2.0954,11.976,0,0.1665,-0.0393,0.9852,2.1076,9.3734,0,Player2Face,0.0163,1.2053,0.8507,-0.2634,0.9694,-0.1315,355.2545,214.8393,351.1794,,Cube1,2439.7,0,0,Cube1,-0.4,0.89,0,1,2401.053,2391.87218415,0.0197969211198223,0.0929,106.7084,6.2815,7.4068,21.5319,1
joint,5045,1,Responder,4,3,5,Initiator,1,1,3,2,1,0,-0.0197,1.1958,0.8363,7.3641,183.1262,354.4137,-0.0203,1.1939,0.8215,7.3854,183.1602,354.4437,1,-0.0301,0.0034,-0.0244,0.3534,-0.0809,0.9319,0.0328,0.007,-0.0248,0.2782,-0.0617,0.9585,-0.0208,1.202,0.8453,-0.3582,-0.2224,-0.9068,1,Cube1,-0.3624,0.99,-0.0193,Cube1,8820874101,-0.4163,0.9728,-0.0387,300.0565,127.6183,339.3595,Cube1,PlasterWallShort2,-0.112,1.1785,-0.6553,357.1367,353.3571,2.2009,0.2168,-0.0393,0.9755,2.0954,11.976,0,0.1665,-0.0393,0.9852,2.1076,9.3734,0,Player2Face,0.0163,1.2053,0.8507,-0.2701,0.9684,-0.1265,355.4891,215.444,350.616,,Cube1,2439.7,0,0,Cube1,-0.4,0.89,0,1,2401.065,2391.88406105,0.0197969211198223,0.0928,106.6867,6.284,6.9915,21.538,1
joint,5045,1,Responder,4,3,5,Initiator,1,1,3,2,1,0,-0.0197,1.1958,0.8363,7.3492,183.1137,354.4126,-0.0203,1.1939,0.8215,7.3806,183.1515,354.4424,1,-0.0301,0.0034,-0.0244,0.3537,-0.0811,0.9318,0.0328,0.007,-0.0248,0.2781,-0.0615,0.9586,-0.0209,1.202,0.8454,-0.3582,-0.2223,-0.9068,1,Cube1,-0.3624,0.99,-0.0194,Cube1,8820882433,-0.4162,0.9728,-0.0387,300.0968,127.6028,339.3507,Cube1,PlasterWallShort2,-0.1128,1.1783,-0.6553,357.1144,353.2497,2.2492,0.2099,-0.0405,0.9769,2.1784,12.1359,0,0.1724,-0.0405,0.9842,2.1905,9.5557,0,Player2Face,0.0115,1.2041,0.8498,-0.2701,0.9684,-0.1265,355.4891,215.444,350.616,,Cube1,2439.723,0,0,Cube1,-0.4,0.89,0,1,2401.076,2391.89459125,0.0197969211198223,0.0928,106.6815,6.287,6.9886,21.5017,1
joint,5045,1,Responder,4,3,5,Initiator,1,1,3,2,1,0,-0.0196,1.1958,0.8363,7.3286,183.1139,354.4097,-0.0203,1.1939,0.8216,7.3664,183.1394,354.4263,1,-0.0301,0.0034,-0.0244,0.3533,-0.0812,0.9319,0.0328,0.007,-0.0249,0.2786,-0.0612,0.9585,-0.0209,1.202,0.8454,-0.358,-0.2221,-0.9069,1,Cube1,-0.3627,0.99,-0.0204,Cube1,8820899096,-0.4161,0.9727,-0.0388,300.1362,127.5783,339.347,Cube1,PlasterWallShort2,-0.1128,1.1783,-0.6553,357.1144,353.2497,2.2492,0.2099,-0.0405,0.9769,2.1784,12.1359,0,0.1724,-0.0405,0.9842,2.1905,9.5557,0,Player2Face,0.0115,1.2041,0.8498,-0.2768,0.967,-0.1221,355.6743,216.1034,350.1379,,Cube1,2439.723,0,0,Cube1,-0.4,0.89,0,1,2401.087,2391.90593245,0.0197969211198223,0.0927,106.6692,6.303,6.5643,21.4852,1
joint,5045,1,Responder,4,3,5,Initiator,1,1,3,2,1,0,-0.0196,1.1958,0.8364,7.3332,183.1144,354.4102,-0.0203,1.1939,0.8216,7.3704,183.1329,354.4264,1,-0.0301,0.0034,-0.0244,0.3535,-0.0814,0.9319,0.0328,0.007,-0.0249,0.2785,-0.0612,0.9585,-0.0209,1.202,0.8454,-0.358,-0.2222,-0.9069,1,Cube1,-0.3624,0.99,-0.0198,Cube1,8820907427,-0.4157,0.9726,-0.0389,300.2017,127.5558,339.3329,Cube1,PlasterWallShort2,-0.1133,1.1782,-0.6554,357.0843,353.2072,2.2689,0.2092,-0.0444,0.9771,2.2362,12.1505,0,0.1748,-0.0444,0.9834,2.2493,9.67,0,Player2Face,0.0108,1.199,0.8512,-0.2768,0.967,-0.1221,355.6743,216.1034,350.1379,,Cube1,2439.734,0,0,Cube1,-0.4,0.89,0,1,2401.098,2391.91662935,0.0197969211198223,0.0926,106.6704,6.2955,6.5614,21.4693,1
joint,5045,1,Responder,4,3,5,Initiator,1,1,3,2,1,0,-0.0195,1.1958,0.8364,7.3379,183.1082,354.4252,-0.0204,1.1939,0.8216,7.3784,183.1273,354.4274,1,-0.0301,0.0034,-0.0244,0.353,-0.0815,0.9321,0.0328,0.007,-0.0249,0.2782,-0.0614,0.9586,-0.0209,1.202,0.8454,-0.3574,-0.2225,-0.9071,1,Cube1,-0.3615,0.99,-0.019,Cube1,8820915759,-0.4156,0.9726,-0.0389,300.2425,127.5395,339.33,Cube1,PlasterWallShort2,-0.1139,1.1781,-0.6554,357.0779,353.1686,2.2895,0.2091,-0.0435,0.9772,2.3013,12.145,0,0.1744,-0.0435,0.9834,2.3154,9.7777,0,Player2Face,0.0088,1.2004,0.8503,-0.279,0.9664,-0.1206,355.7409,216.2985,349.9936,,Cube1,2439.746,0,0,Cube1,-0.4,0.89,0,1,2401.109,2391.92853375,0.0197969211198223,0.0926,106.6602,6.295,6.3931,21.4342,1
joint,5045,1,Responder,4,3,5,Initiator,1,1,3,2,1,0,-0.0195,1.1958,0.8364,7.3529,183.1154,354.4392,-0.0204,1.1938,0.8216,7.3848,183.1187,354.4103,1,-0.0301,0.0034,-0.0244,0.3525,-0.0815,0.9323,0.0328,0.007,-0.0249,0.2774,-0.0614,0.9588,-0.0209,1.202,0.8454,-0.3566,-0.2227,-0.9073,1,Cube1,-0.3605,0.99,-0.0185,Cube1,8820932422,-0.4153,0.9725,-0.039,300.3112,127.4996,339.3315,Cube1,PlasterWallShort2,-0.1142,1.178,-0.6554,357.0591,353.1311,2.3039,0.2083,-0.0436,0.9772,2.3539,12.1288,0,0.1761,-0.0436,0.9833,2.3675,9.8694,0,Player2Face,0.0079,1.2009,0.85,-0.281,0.9657,-0.119,355.8093,216.454,349.8754,,Cube1,2439.757,0,0,Cube1,-0.4,0.89,0,1,2401.12,2391.93954265,0.0197969211198223,0.0925,106.6456,6.303,6.2158,21.3868,1
joint,5045,1,Responder,4,3,5,Initiator,1,1,3,2,1,0,-0.0195,1.1957,0.8364,7.3466,183.1232,354.4453,-0.0204,1.1938,0.8215,7.3908,183.1215,354.4047,1,-0.0301,0.0034,-0.0244,0.3533,-0.0813,0.932,0.0328,0.007,-0.0249,0.2777,-0.0616,0.9587,-0.021,1.202,0.8454,-0.3572,-0.2228,-0.907,1,Cube1,-0.3609,0.99,-0.0177,Cube1,8820940754,-0.4151,0.9724,-0.039,300.3443,127.481,339.33,Cube1,PlasterWallShort2,-0.1146,1.1779,-0.6554,357.0378,353.1007,2.3117,0.2113,-0.0445,0.9766,2.399,12.1237,0,0.169,-0.0445,0.9844,2.4118,9.9084,0,Player2Face,0.0029,1.1998,0.8494,-0.2854,0.9649,-0.117,356.0454,216.8147,349.6089,,Cube1,2439.768,0,0,Cube1,-0.4,0.89,0,1,2401.132,2391.95039735,0.0197969211198223,0.0925,106.6417,6.2801,5.9945,21.412,1
joint,5045,1,Responder,4,3,5,Initiator,1,1,3,2,1,0,-0.0195,1.1957,0.8364,7.3457,183.1206,354.4374,-0.0204,1.1939,0.8215,7.3962,183.1267,354.4021,1,-0.0301,0.0034,-0.0244,0.3536,-0.0811,0.9319,0.0328,0.007,-0.0249,0.2782,-0.0617,0.9585,-0.021,1.202,0.8454,-0.3577,-0.2229,-0.9069,1,Cube1,-0.3612,0.99,-0.0173,Cube1,8820949085,-0.415,0.9724,-0.0391,300.3716,127.4793,339.3214,Cube1,PlasterWallShort2,-0.115,1.1779,-0.6554,357.0214,353.0823,2.3104,0.2108,-0.0451,0.9766,2.4429,12.1324,0,0.1732,-0.0451,0.9837,2.4551,9.9191,0,Player2Face,0.0049,1.1994,0.8499,-0.2874,0.9642,-0.1157,356.2066,216.9691,349.4809,,Cube1,2439.779,0,0,Cube1,-0.4,0.89,0,1,2401.143,2391.96176585,0.0197969211198223,0.0924,106.662,6.2662,5.8947,21.4212,1
joint,5045,1,Responder,4,3,5,Initiator,1,1,3,2,1,0,-0.0195,1.1958,0.8364,7.3486,183.1185,354.4447,-0.0205,1.1938,0.8215,7.3939,183.1288,354.3997,1,-0.0301,0.0034,-0.0244,0.354,-0.0811,0.9317,0.0328,0.007,-0.0249,0.279,-0.0614,0.9583,-0.021,1.202,0.8454,-0.3583,-0.2228,-0.9066,1,Cube1,-0.362,0.99,-0.0174,Cube1,8820965748,-0.4149,0.9723,-0.0392,300.3999,127.46,339.334,Cube1,PlasterWallShort2,-0.1154,1.1778,-0.6554,356.9727,353.0544,2.3083,0.2098,-0.0419,0.9769,2.4642,12.1378,0,0.1694,-0.0419,0.9846,2.4737,9.9126,0,Player2Face,-0.0003,1.2053,0.8473,-0.2913,0.963,-0.1136,356.6066,217.2722,349.2553,,Cube1,2439.79,0,0,Cube1,-0.4,0.89,0,1,2401.154,2391.97293375,0.0197969211198223,0.0924,106.6767,6.2561,5.6993,21.4386,1
joint,5045,1,Responder,4,3,5,Initiator,1,1,3,2,1,0,-0.0195,1.1958,0.8364,7.336,183.1252,354.4282,-0.0205,1.1938,0.8215,7.3924,183.1231,354.4013,1,-0.0301,0.0034,-0.0244,0.3538,-0.0812,0.9318,0.0328,0.007,-0.0249,0.2793,-0.061,0.9583,-0.021,1.202,0.8453,-0.3583,-0.2225,-0.9067,1,Cube1,-0.3623,0.99,-0.0183,Cube1,8820974080,-0.4146,0.9722,-0.0393,300.4518,127.4269,339.3425,Cube1,PlasterWallShort2,-0.1157,1.1778,-0.6554,356.9507,353.0446,2.279,0.2111,-0.0416,0.9766,2.4614,12.1445,0,0.1663,-0.0416,0.9852,2.4663,9.865,0,Player2Face,-0.003,1.2062,0.8468,-0.2933,0.9623,-0.1126,356.8313,217.3972,349.1565,,Cube1,2439.801,0,0,Cube1,-0.4,0.89,0,1,2401.165,2391.98451845,0.0197969211198223,0.0923,106.7018,6.2677,5.5872,21.4212,1
joint,5045,1,Responder,4,3,5,Initiator,1,1,3,2,1,0,-0.0195,1.1958,0.8364,7.3439,183.1282,354.4028,-0.0205,1.1938,0.8215,7.395,183.12,354.4029,1,-0.0301,0.0034,-0.0244,0.354,-0.0813,0.9317,0.0328,0.007,-0.0249,0.2794,-0.0609,0.9582,-0.0211,1.202,0.8453,-0.3584,-0.2226,-0.9066,1,Cube1,-0.3624,0.99,-0.0181,Cube1,8820982411,-0.4145,0.9722,-0.0393,300.4661,127.428,339.3293,Cube1,PlasterWallShort2,-0.1161,1.1777,-0.6554,356.925,353.0179,2.2827,0.2122,-0.041,0.9764,2.4439,12.1618,0,0.1647,-0.041,0.9854,2.4446,9.7864,0,Player2Face,-0.0045,1.2077,0.8462,-0.2953,0.9616,-0.1118,357.0457,217.498,349.0748,,Cube1,2439.813,0,0,Cube1,-0.4,0.89,0,1,2401.176,2391.99499275,0.0197969211198223,0.0922,106.6861,6.2621,5.4823,21.4182,1
joint,5045,1,Responder,4,3,5,Initiator,1,1,3,2,1,0,-0.0195,1.1958,0.8364,7.3537,183.13,354.3885,-0.0206,1.1939,0.8214,7.4035,183.1337,354.4037,1,-0.0301,0.0034,-0.0244,0.3539,-0.0816,0.9317,0.0328,0.007,-0.0249,0.2794,-0.0604,0.9583,-0.0211,1.2021,0.8453,-0.3586,-0.2227,-0.9066,1,Cube1,-0.3626,0.99,-0.0182,Cube1,8820999074,-0.4142,0.9721,-0.0394,300.4875,127.4079,339.3217,Cube1,PlasterWallShort2,-0.1164,1.1777,-0.6554,356.8968,353.0149,2.2714,0.2121,-0.0424,0.9764,2.4314,12.1805,0,0.1701,-0.0424,0.9844,2.4302,9.7431,0,Player2Face,-0.0009,1.2063,0.847,-0.2972,0.9608,-0.1109,357.2497,217.564,348.9942,,Cube1,2439.823,0,0,Cube1,-0.4,0.89,0,1,2401.188,2392.00674355,0.0197969211198223,0.0922,106.7072,6.2605,5.3807,21.4181,1
joint,5045,1,Responder,4,3,5,Initiator,1,1,3,2,1,0,-0.0195,1.1958,0.8364,7.3485,183.1447,354.3697,-0.0206,1.1939,0.8214,7.3986,183.1293,354.4088,1,-0.0301,0.0034,-0.0244,0.3537,-0.0816,0.9318,0.0328,0.007,-0.0249,0.2797,-0.0618,0.9581,-0.0211,1.2021,0.8453,-0.3585,-0.2233,-0.9064,1,Cube1,-0.3617,0.99,-0.0158,Cube1,8821007406,-0.4141,0.972,-0.0394,300.4878,127.392,339.3214,Cube1,PlasterWallShort2,-0.1167,1.1777,-0.6555,356.8713,352.99,2.29,0.2111,-0.043,0.9766,2.4288,12.1945,0,0.17,-0.043,0.9844,2.4278,9.7349,0,Player2Face,-0.0031,1.2062,0.8467,-0.3009,0.9596,-0.1097,357.5899,217.6966,348.782,,Cube1,2439.834,0,0,Cube1,-0.4,0.89,0,1,2401.199,2392.01774285,0.0197969211198223,0.0921,106.7011,6.2287,5.1673,21.4251,1
joint,5045,1,Responder,4,3,5,Initiator,1,1,3,2,1,0,-0.0195,1.1958,0.8364,7.3548,183.1631,354.3716,-0.0206,1.1939,0.8214,7.3839,183.1215,354.4115,1,-0.0301,0.0034,-0.0244,0.3536,-0.0815,0.9318,0.0328,0.007,-0.0249,0.2796,-0.0618,0.9581,-0.0211,1.2021,0.8453,-0.3583,-0.2229,-0.9066,1,Cube1,-0.3619,0.99,-0.0172,Cube1,8821015737,-0.414,0.972,-0.0394,300.4962,127.3805,339.3288,Cube1,PlasterWallShort2,-0.1169,1.1776,-0.6556,356.8679,352.9627,2.2979,0.2137,-0.0427,0.9761,2.4317,12.2135,0,0.1705,-0.0427,0.9843,2.4316,9.7459,0,Player2Face,-0.0018,1.2067,0.8467,-0.3027,0.9589,-0.1091,357.7043,217.7459,348.6828,,Cube1,2439.846,0,0,Cube1,-0.4,0.89,0,1,2401.209,2392.02868365,0.0197969211198223,0.0921,106.6975,6.2516,5.0597,21.3949,1
joint,5045,1,Responder,4,3,5,Initiator,1,1,3,2,1,0,-0.0195,1.1958,0.8365,7.3513,183.1812,354.3851,-0.0205,1.1939,0.8215,7.3531,183.117,354.4129,1,-0.0301,0.0034,-0.0244,0.3529,-0.0814,0.9321,0.0328,0.007,-0.0249,0.2797,-0.0609,0.9582,-0.021,1.202,0.8453,-0.358,-0.2219,-0.907,1,Cube1,-0.3631,0.99,-0.0214,Cube1,8821032400,-0.4139,0.972,-0.0394,300.487,127.3831,339.3108,Cube1,PlasterWallShort2,-0.1172,1.1777,-0.6557,356.8753,352.9595,2.2966,0.2126,-0.0427,0.9763,2.4355,12.2353,0,0.1692,-0.0427,0.9846,2.4359,9.7562,0,Player2Face,-0.004,1.2063,0.8466,-0.3042,0.9581,-0.1082,357.8146,217.7895,348.6087,,Cube1,2439.857,0,0,Cube1,-0.4,0.89,0,1,2401.221,2392.04013475,0.0197969211198223,0.092,106.6765,6.3163,4.9547,21.3317,1
joint,5045,1,Responder,4,3,5,Initiator,1,1,3,2,1,0,-0.0196,1.1958,0.8365,7.3426,183.19,354.3929,-0.0205,1.1939,0.8215,7.339,183.1138,354.4112,1,-0.0301,0.0034,-0.0244,0.3533,-0.0806,0.932,0.0328,0.007,-0.0248,0.2797,-0.0604,0.9582,-0.021,1.2021,0.8453,-0.3582,-0.2211,-0.9071,1,Cube1,-0.3646,0.99,-0.0248,Cube1,8821040732,-0.4137,0.9719,-0.0394,300.4669,127.3724,339.2917,Cube1,PlasterWallShort2,-0.1173,1.1777,-0.6557,356.8828,352.9338,2.2954,0.2163,-0.0429,0.9755,2.4399,12.2704,0,0.1683,-0.0429,0.9847,2.4409,9.7539,0,Player2Face,-0.0032,1.2057,0.8469,-0.3072,0.9569,-0.1069,358.0404,217.9803,348.5063,,Cube1,2439.868,0,0,Cube1,-0.4,0.89,0,1,2401.232,2392.05127015,0.0197969211198223,0.0919,106.6415,6.3573,4.8119,21.3111,1
joint,5045,1,Responder,4,3,5,Initiator,1,1,3,2,1,0,-0.0195,1.1958,0.8365,7.3313,183.2119,354.405,-0.0204,1.1939,0.8215,7.3297,183.114,354.4098,1,-0.0301,0.0034,-0.0244,0.3533,-0.0809,0.932,0.0328,0.007,-0.0248,0.2804,-0.0604,0.958,-0.021,1.2021,0.8453,-0.3585,-0.2211,-0.907,1,Cube1,-0.3649,0.99,-0.0246,Cube1,8821049063,-0.4136,0.9719,-0.0395,300.4716,127.3671,339.2889,Cube1,PlasterWallShort2,-0.1174,1.1777,-0.6559,356.8795,352.9305,2.2664,0.2159,-0.0433,0.9756,2.4463,12.3161,0,0.1686,-0.0433,0.9846,2.4479,9.7459,0,Player2Face,-0.0037,1.2051,0.847,-0.3085,0.9565,-0.1063,358.16,218.1131,348.4684,,Cube1,2439.88,0,0,Cube1,-0.4,0.89,0,1,2401.243,2392.06248415,0.0197969211198223,0.0919,106.6782,6.3485,4.7608,21.3249,1
joint,5045,1,Responder,4,3,5,Initiator,1,1,3,2,1,0,-0.0196,1.1958,0.8365,7.3289,183.2054,354.4261,-0.0204,1.1939,0.8215,7.3366,183.1099,354.421,1,-0.0301,0.0034,-0.0244,0.3529,-0.0813,0.9321,0.0328,0.007,-0.0248,0.2802,-0.0601,0.9581,-0.0209,1.202,0.8454,-0.3581,-0.2212,-0.9071,1,Cube1,-0.3642,0.99,-0.0242,Cube1,8821065726,-0.4134,0.9718,-0.0395,300.4687,127.3538,339.2835,Cube1,PlasterWallShort2,-0.1175,1.1776,-0.6559,356.8588,352.9353,2.22,0.2164,-0.045,0.9754,2.4624,12.3601,0,0.1696,-0.045,0.9843,2.4657,9.7443,0,Player2Face,-0.0026,1.2026,0.8478,-0.3095,0.9559,-0.1056,358.2461,218.2709,348.4503,Cube1,Cube1,2439.891,0,0,Cube1,-0.4,0.89,0,1,2401.255,2392.07346585,0.0197969211198223,0.0918,106.6929,6.3521,4.6748,21.3019,1
joint,5045,1,Responder,4,3,5,Initiator,1,1,3,2,1,0,-0.0196,1.1958,0.8365,7.3289,183.2054,354.4261,-0.0204,1.1939,0.8215,7.3366,183.1099,354.421,1,-0.0301,0.0034,-0.0244,0.3529,-0.0813,0.9321,0.0328,0.007,-0.0248,0.2802,-0.0601,0.9581,-0.0209,1.202,0.8454,-0.3581,-0.2212,-0.9071,1,Cube1,-0.3642,0.99,-0.0242,Cube1,8821065726,-0.4134,0.9718,-0.0395,300.4687,127.3538,339.2835,Cube1,PlasterWallShort2,-0.1175,1.1776,-0.6559,356.8588,352.9353,2.22,0.2164,-0.045,0.9754,2.4624,12.3601,0,0.1696,-0.045,0.9843,2.4657,9.7443,0,Player2Face,-0.0026,1.2026,0.8478,-0.3116,0.9549,-0.1043,358.3055,218.6373,348.3697,Cube1,Cube1,2439.891,0,0,Cube1,-0.4,0.89,0,1,2401.255,2392.07408575,0.0197969211198223,0.0918,106.6929,6.3521,4.5639,21.3019,1
